8 0.25703125 0.24296875 0.1 0.02578125
2 0.292578125 0.1828125 0.028125 0.0203125
4 0.32265625 0.75859375 0.02578125 0.121875
8 0.420703125 0.89609375 0.0953125 0.0265625
6 0.49140625 0.730078125 0.0296875 0.0171875
4 0.515625 0.763671875 0.0125 0.0546875
2 0.294921875 0.50546875 0.028125 0.01640625
5 0.21484375 0.538671875 0.0140625 0.021875
2 0.392578125 0.71484375 0.0265625 0.015625
8 0.638671875 0.538671875 0.103125 0.0265625
5 0.7953125 0.569140625 0.0125 0.025
12 0.36714023086789227 0.8310901391409559 0.38307396323215054 0.7933266787658801 0.3890534416417273 0.7931966122202057 0.38898118854211206 0.8076787658802178 0.42092047883710987 0.8079334543254688 0.4216494228302694 0.7928687235329704 0.42170457460453187 0.7914688445251059 0.3825788798631894 0.7909927404718693 0.37370072680632754 0.8128511796733212 0.3596648140230868 0.812885662431942 0.36714023086789227 0.8310901391409559
12 0.7427832407011544 0.7168590441621295 0.7586716545532279 0.6782056866303691 0.7642898674647286 0.6781639443436178 0.7643492945703293 0.6934700544464609 0.7962454040188115 0.6935130066545674 0.7958294142796067 0.6782909860859043 0.7969589568191535 0.6782026618269812 0.7968995297135529 0.6768572292800968 0.7578473706712271 0.6769818511796732 0.7492304403591279 0.6986454930429523 0.7351782813168022 0.6986950998185117 0.7427832407011544 0.7168590441621295
12 0.8175857203933307 0.6994410163339382 0.8163604104318086 0.6987156684815488 0.8130256519880291 0.6986751361161525 0.811685763146644 0.7002474289171203 0.810859341598974 0.7019007864488808 0.8104886703719538 0.7033520871143376 0.8087503206498503 0.6986346037507563 0.8071731509191963 0.6987065940713854 0.8147999144933733 0.7174131881427708 0.8309628046173578 0.6785160314579552 0.8557323642582301 0.6785160314579552 0.8555921333903379 0.677031457955233 0.8301932449764857 0.676734422262553 0.8192778965369817 0.7028638838475499 0.8186117999144935 0.7010943738656988 0.8175857203933307 0.6994410163339382
12 0.859857203933305 0.7175849969751965 0.8758768704574604 0.6783811252268602 0.8821004702864474 0.6783103448275862 0.8819294570329201 0.6940344827586207 0.9138807182556649 0.6945607985480943 0.9135669089354426 0.6782280701754386 0.914521162890124 0.6783811252268602 0.9145361265498076 0.676978221415608 0.8751175716118 0.6770393224440412 0.8665382642154768 0.698411373260738 0.8522650705429673 0.6985759225650334 0.859857203933305 0.7175849969751965
11 0.20065156049593846 0.2512734422262553 0.19173065412569476 0.22977192982456138 0.18300085506626768 0.2511488203266788 0.20065156049593846 0.2512734422262553
10 0.23361265498076103 0.25246642468239566 0.23358443779392907 0.2508523895946763 0.22577169730654129 0.2506908650937689 0.22573749465583584 0.23468421052631577 0.22480247969217615 0.23430671506352088 0.2247169730654126 0.25081185722928007 0.21721804189824714 0.2506908650937689 0.21704702864472 0.25234543254688446 0.23361265498076103 0.25246642468239566
11 0.2814395040615648 0.2959425287356322 0.27260068405301413 0.27487719298245616 0.26373321932449767 0.295821536600121 0.2814395040615648 0.2959425287356322
1 0.33180932022231724 0.2980774349667271 0.33177597263787945 0.2728953418027828 0.32331637451902523 0.2841560798548094 0.3010256519880291 0.2839183303085299 0.3010256519880291 0.2726575922565033 0.28455322787516035 0.2726079854809437 0.28458999572466864 0.29769751966122204 0.3011064557503207 0.29769751966122204 0.30103933304831126 0.28610405323653965 0.32331637451902523 0.2860562613430127 0.33180932022231724 0.2980774349667271
11 0.3739482684908081 0.3021234119782214 0.3654206926036768 0.28122746521476105 0.35670842240273626 0.301875983061101 0.3739482684908081 0.3021234119782214
11 0.3008584865327063 0.48650877192982456 0.29207652843095344 0.4660810647307925 0.2831769987174006 0.4864083484573503 0.3008584865327063 0.48650877192982456
11 0.6508011970927747 0.23050574712643682 0.6415134672937153 0.20945735027223228 0.6327524583155195 0.23058681185722932 0.6508011970927747 0.23050574712643682
1 0.7153142368533562 0.23281488203266787 0.7153142368533562 0.20668239564428315 0.7063274903805045 0.21885783424077437 0.670990594271056 0.21885783424077437 0.670990594271056 0.20737507562008467 0.6552163317657118 0.20732365396249244 0.6551752885848654 0.23246823956442833 0.6708084651560496 0.23241863278886873 0.6709132107738351 0.22088687235329701 0.7061526293287731 0.22083726557773745 0.7153142368533562 0.23281488203266787
12 0.703380504489098 0.2880695704779189 0.7027246686618214 0.28956261343012707 0.7027246686618214 0.2919038112522686 0.7026105173150919 0.29420387174833634 0.703380504489098 0.2958989715668482 0.7045780247969218 0.2970689655172414 0.7057469003847798 0.297875983061101 0.7027819581017529 0.3005396249243799 0.7026964514749894 0.30255716878402905 0.7155553655408295 0.29186327888687236 0.6883894826849082 0.2695172413793104 0.6884138520735358 0.23407924984875983 0.6873394613082514 0.2338021778584392 0.68728217186832 0.27028796128251664 0.7056045318512185 0.28584996975196614 0.7044356562633605 0.2867380520266183 0.703380504489098 0.2880695704779189
12 0.7598892689183413 0.2644379915305505 0.7608601966652416 0.2615650332728373 0.7607131252672084 0.25890018148820326 0.7607131252672084 0.25706836055656385 0.7600658401026081 0.256318814277072 0.759241983753741 0.2545287356321839 0.757182984181274 0.2538620689655172 0.7607131252672084 0.251280701754386 0.7607716973065413 0.24944888082274655 0.7477695596408722 0.2598505747126437 0.774913210773835 0.28244464609800357 0.7749653698161608 0.3177991530550514 0.7760393330483113 0.3179721718088324 0.7762744762719112 0.28177858439201453 0.7569183411714409 0.2661034482758621 0.7578888413852074 0.2657701149425287 0.7598892689183413 0.2644379915305505
11 0.6496930312099188 0.5751869328493647 0.6409080803762293 0.5549860859044162 0.6321586147926465 0.5754978826376286 0.6496930312099188 0.5751869328493647
10 0.6140171013253528 0.547578947368421 0.6139884566053869 0.5461258318209317 0.6063471569046601 0.5461258318209317 0.6063274903805046 0.5297441016333939 0.605406156477127 0.5296721113127647 0.6052637879435656 0.546085904416213 0.5976224882428388 0.5462068965517242 0.5976224882428388 0.5474579552329099 0.6140171013253528 0.547578947368421
9 0.39012740487387776 0.8868354506957049 0.3826002565198804 0.9056412583182094 0.3884454895254382 0.9058027828191166 0.39581017528858486 0.8872758620689656 0.39012740487387776 0.8868354506957049
11 0.4918140230867893 0.9049806412583182 0.48308294142796077 0.8847634603750756 0.47446130825138955 0.9049806412583182 0.4918140230867893 0.9049806412583182
0 0.281640625 0.768359375 0.0265625 0.09609375
0 0.373046875 0.634375 0.065625 0.0359375
0 0.408984375 0.572265625 0.01953125 0.015625
0 0.5 0.613671875 0.04921875 0.03515625
0 0.2015625 0.57578125 0.01875 0.015625
0 0.11875 0.5484375 0.0109375 0.02578125
0 0.119140625 0.40546875 0.0125 0.03984375
0 0.4271372381359556 0.26771869328493647 0.40743309106455755 0.2674506957047792 0.4064861051731509 0.24681427707199033 0.34983753740914925 0.2488511796733212 0.3494587430525866 0.27736660617059894 0.38886618212911506 0.2762946158499697 0.38886618212911506 0.28460314579552326 0.42789482684908087 0.284335148215366 0.4271372381359556 0.26771869328493647
0 0.4734375 0.225390625 0.028125 0.0171875
0 0.621484375 0.44765625 0.0125 0.0484375
0 0.647265625 0.4015625 0.01171875 0.05
0 0.689453125 0.18046875 0.0265625 0.015625
0 0.780859375 0.23671875 0.01875 0.01640625
0 0.782421875 0.40234375 0.0109375 0.0390625
0 0.78203125 0.535546875 0.0125 0.02734375