8 0.5734375 0.5984375 0.053125 0.01875
4 0.869140625 0.559765625 0.02734375 0.0140625
4 0.5140625 0.4453125 0.0109375 0.06328125
4 0.530859375 0.43515625 0.01171875 0.08125
4 0.347265625 0.58828125 0.00859375 0.025
4 0.330078125 0.465625 0.0078125 0.025
7 0.116015625 0.292578125 0.01015625 0.0109375
7 0.178515625 0.20859375 0.00625 0.015625
7 0.346875 0.465625 0.00703125 0.0140625
2 0.39878302693458745 0.5627690447400242 0.40275010688328355 0.568377569528416 0.40969238991021806 0.5598648730350665 0.40459191962377095 0.5539561668681984 0.39878302693458745 0.5627690447400242
2 0.4820513039760582 0.5818948004836759 0.46958123129542545 0.5646499395405079 0.46710089781958103 0.5661396614268439 0.46577575887131256 0.5703186215235793 0.47777020094057293 0.5878990326481257 0.4820513039760582 0.5818948004836759
2 0.448046875 0.69296875 0.021875 0.01015625
5 0.672265625 0.633203125 0.00625 0.0109375
4 0.565625 0.5984375 0.0046875 0.009375
12 0.5281165027789654 0.6430323458282949 0.5334559640872168 0.6302711608222491 0.5602020094057291 0.6304761185006045 0.5602355707567337 0.6215299274486095 0.5631060282171869 0.6215299274486095 0.5631312526720821 0.6208533857315598 0.5366015391192819 0.6208660822249092 0.5321701581872597 0.6322802297460701 0.5238024796921762 0.6324582829504232 0.5281165027789654 0.6430323458282949
1 0.1228292005130398 0.36403869407496975 0.12968875587858059 0.3545695284159613 0.14224861051731513 0.3545852478839178 0.14220521590423257 0.3636209189842805 0.15584993587002996 0.36398972188633616 0.15585976913210775 0.3444652357920194 0.14237259512612227 0.34448911729141474 0.1423441641727234 0.353805622732769 0.1297304403591278 0.3535837363966142 0.12291598973920478 0.344246977025393 0.1228292005130398 0.36403869407496975
12 0.48464322359982903 0.34717412333736397 0.49353634031637456 0.32535943168077386 0.4981990166737923 0.3254879081015719 0.49813745190252245 0.33375906892382107 0.5168189397178282 0.334020253929867 0.5166547669944421 0.3254588875453446 0.5196628901239847 0.325337061668682 0.5197569474134245 0.32444588875453445 0.4932753313381787 0.32441142684401447 0.4884878153056863 0.33598972188633613 0.48007332193244984 0.33592140266021764 0.48464322359982903 0.34717412333736397
12 0.4776970927746901 0.3830145102781136 0.47278965369816167 0.3942233978234583 0.46473877725523727 0.3943143893591294 0.46918277041470724 0.4057938331318017 0.4781246259085079 0.3834174727932286 0.48265647712697746 0.383296553808948 0.48282749038050454 0.3833772672309553 0.4827133390337751 0.39212091898428053 0.5011900384779822 0.39243319226118506 0.5012896536981616 0.3832865779927449 0.5042682770414708 0.38340749697702536 0.5042255237280889 0.3830045344619105 0.4776970927746901 0.3830145102781136
12 0.4476218469431381 0.4060816203143894 0.4320436083796494 0.39317896009673514 0.4320863616930312 0.3869936517533253 0.4378723813595554 0.3870541112454655 0.43844228302693466 0.36063210399032647 0.4320863616930312 0.36081348246674727 0.4320292860196665 0.3563811970979444 0.4316017528858486 0.3563409915356711 0.43154489097905097 0.3939443772672309 0.4395669089354425 0.4006227327690447 0.4396575459598119 0.41226602176541716 0.4476218469431381 0.4060816203143894
12 0.4682351432235999 0.4812551390568319 0.4772657118426678 0.4590535066505441 0.48166524155622065 0.4594806529625151 0.48166524155622065 0.4675985489721886 0.5005053441641728 0.4682826481257557 0.5003762291577598 0.45907013301088273 0.5033723813595554 0.4590610640870617 0.5032640017101325 0.45809461910519944 0.47688071825566486 0.45840840386940745 0.4721547669944421 0.4697448609431681 0.4636207781103036 0.4696747279322854 0.4682351432235999 0.4812551390568319
10 0.5593005557930739 0.6027454655380895 0.5592291577597265 0.6023409915356711 0.5541286874732793 0.6023071342200725 0.5541474989311672 0.5932351874244256 0.5536519880290723 0.5932720677146313 0.5535329200513041 0.6022735792019347 0.5485277896536982 0.6023071342200725 0.5484563916203506 0.6028128778718258 0.5593005557930739 0.6027454655380895
12 0.6924959384352288 0.7385160217654172 0.704274903805045 0.7095722490931076 0.7101197092774691 0.7094773276904474 0.7103159469858915 0.7209344014510278 0.7406017528858487 0.7216478234582829 0.7405737494655836 0.709596130592503 0.7445970500213768 0.7095680169286578 0.7446742197520309 0.7088872430471583 0.7040790936297563 0.7087158403869407 0.6977426250534416 0.7240725513905683 0.6864824711415135 0.7240157194679564 0.6924959384352288 0.7385160217654172
12 0.7538309106455751 0.7266980048367594 0.7531607524583156 0.7258509673518742 0.752462377084224 0.7248627569528415 0.7516639589568193 0.7244395405078597 0.7508798631893973 0.7241974002418379 0.7501955964087218 0.7243787787182587 0.7490835827276615 0.724721584038694 0.7482280889268919 0.7259316807738816 0.7475581445061994 0.7272022370012092 0.74751175716118 0.7290108827085853 0.7456955964087217 0.7242726723095525 0.7448482257374948 0.72421553808948 0.7506913210773836 0.7384876058041112 0.7634448482257375 0.7078310157194679 0.7928892689183413 0.7077708585247884 0.7929630183839249 0.7067992744860943 0.763143223599829 0.7068379685610641 0.7540162462590851 0.7289365175332527 0.7539591705857205 0.7279483071342201 0.7538309106455751 0.7266980048367594
12 0.79758230012826 0.7387493954050786 0.8095551517742626 0.709636638452237 0.815236853356135 0.7097345828295043 0.8154050876442925 0.7207950423216445 0.8403909790508765 0.7221036880290206 0.8405592133390339 0.7094573760580412 0.8444091492090638 0.7094682587666263 0.8444168448054725 0.709069830713422 0.8090626336041045 0.7090402055622733 0.8028439504061566 0.7241429866989118 0.7916588285592134 0.7241429866989118 0.79758230012826 0.7387493954050786
12 0.8527883710987603 0.7386272672309552 0.864671654553228 0.7095846432889964 0.8700878580589997 0.7096148730350664 0.870817015818726 0.7095752720677146 0.8707330055579309 0.7210323458282951 0.8954664386489954 0.7216668681983072 0.8954944420692603 0.7096943772672308 0.8995724668661822 0.7095625755743653 0.8995463873450195 0.7090864570737605 0.8644080803762293 0.7089050785973398 0.858152629328773 0.7242376058041111 0.8469613082513895 0.724156892382104 0.8527883710987603 0.7386272672309552
0 0.0828125 0.2921875 0.0125 0.009375
0 0.168359375 0.062109375 0.009375 0.01015625
0 0.230078125 0.062109375 0.009375 0.01015625
0 0.276953125 0.26875 0.01484375 0.009375
0 0.28828125 0.292578125 0.0234375 0.01015625
0 0.178515625 0.45390625 0.0078125 0.01875
0 0.258984375 0.63359375 0.0140625 0.009375
0 0.43359375 0.63359375 0.009375 0.01015625
6 0.3949527575887132 0.7600979443772673 0.3818125267208209 0.779575876662636 0.38607203933304834 0.7851644498186215 0.39942090637024374 0.7669087061668682 0.3949527575887132 0.7600979443772673
0 0.804296875 0.585546875 0.0125 0.009375
0 0.7828125 0.609375 0.009375 0.009375
0 0.783984375 0.633203125 0.0078125 0.009375
3 0.8166430098332622 0.6367778113663844 0.8157781103035486 0.6344147521160821 0.8028589140658401 0.6425855501813784 0.805075245831552 0.6511444981862151 0.8135079093629758 0.6457950423216444 0.8114538264215477 0.640675030229746 0.8166430098332622 0.6367778113663844
0 0.753125 0.633203125 0.009375 0.009375
6 0.7100348439504063 0.5886009673518743 0.7215365540829415 0.5739026602176541 0.716110517315092 0.5673343409915357 0.7061846943138094 0.5829818621523579 0.7100348439504063 0.5886009673518743
0 0.65 0.5390625 0.0078125 0.0125
0 0.666796875 0.5296875 0.00859375 0.0125
0 0.68359375 0.530078125 0.00625 0.0109375
0 0.683203125 0.475 0.00703125 0.0171875
0 0.65 0.484375 0.0078125 0.0125
0 0.633203125 0.466796875 0.0078125 0.01328125
0 0.65 0.421875 0.0078125 0.0140625
0 0.716015625 0.300390625 0.0078125 0.009375
0 0.774609375 0.2765625 0.009375 0.009375
0 0.774609375 0.300390625 0.009375 0.0109375
0 0.762109375 0.323828125 0.0078125 0.009375
6 0.8270425395468151 0.3330169286577992 0.830997862334331 0.338773276904474 0.8379390765284309 0.3300018137847642 0.8333535699016675 0.3236714026602176 0.8270425395468151 0.3330169286577992
0 0.8515320649850364 0.43437122128174127 0.8334318084651562 0.4113555018137848 0.82859405728944 0.41872400241837965 0.8378052586575461 0.4344123337363966 0.8430688328345448 0.43010792019347044 0.8485389055151776 0.4382421402660217 0.8515320649850364 0.43437122128174127
0 0.426953125 0.337890625 0.028125 0.0140625
0 0.462890625 0.340234375 0.003125 0.01015625
0 0.430859375 0.31640625 0.009375 0.0109375