8 0.575 0.597265625 0.053125 0.0203125
4 0.8703125 0.553125 0.02734375 0.01484375
4 0.51328125 0.444921875 0.01171875 0.06328125
4 0.5296875 0.434765625 0.01328125 0.08203125
4 0.348828125 0.591015625 0.009375 0.025
4 0.3296875 0.46875 0.00859375 0.025
7 0.1125 0.29921875 0.01015625 0.0109375
7 0.1734375 0.2140625 0.00703125 0.015625
7 0.346484375 0.468359375 0.00703125 0.0140625
2 0.3998939136503237 0.5645259644627708 0.40395827164764925 0.570064399954038 0.4107509302921738 0.5614318404406079 0.4055481156905133 0.5556130496787687 0.3998939136503237 0.5645259644627708
2 0.4834832989925405 0.582195575446925 0.47071416124224247 0.5651709737563307 0.46826020476503916 0.5667037565387284 0.46700820055194436 0.5709052070231107 0.4793076362898613 0.5882736086879091 0.4834832989925405 0.582195575446925
2 0.4515625 0.69375 0.02265625 0.01015625
5 0.674609375 0.630078125 0.00625 0.0109375
4 0.5671875 0.597265625 0.0046875 0.009375
12 0.5306084791324802 0.6425198606751391 0.5357244138275654 0.6296674328104721 0.5624699625985332 0.6294055764192916 0.5623473862756766 0.6204601621891874 0.5652174065515552 0.6204100657989267 0.565230819883626 0.6197331868950184 0.5387053685190617 0.6202088887982187 0.5344738668494937 0.6316986361505303 0.5261105702492647 0.6320226983625508 0.5306084791324802 0.6425198606751391
1 0.12051379348192197 0.3706419397293271 0.1272070443762526 0.36105450052189497 0.1397652604308344 0.3608510179077519 0.13987956663143875 0.36988607017206554 0.15352864493843757 0.3700166837050869 0.15319772743606483 0.3504949996704848 0.13971302438164085 0.3507542611750549 0.13984719319795155 0.36006984385605917 0.12723151806506727 0.36006813114895064 0.12025515639962651 0.3508517223732709 0.12051379348192197 0.3706419397293271
12 0.4819783831976065 0.34746541216191074 0.49048942658430644 0.32549883670109037 0.4951536350162442 0.32554591863143206 0.4952364312819652 0.3338168941692361 0.5139196321230718 0.3337520024773347 0.5136060679581854 0.325194805239475 0.516611606781291 0.32502049893001334 0.5166900966334466 0.32412782021977343 0.4902119123933266 0.32455553148483063 0.4856271946336442 0.3362156167723607 0.4772127904936033 0.33629416110990484 0.4819783831976065 0.34746541216191074
12 0.4756588113015961 0.38342156713645936 0.4709477417129599 0.39471439413526915 0.4628996794787759 0.39494587898034694 0.46754333971495726 0.40634601600330705 0.47609331198563953 0.3838170067964146 0.4806223626539584 0.3836170145193031 0.4807947585047844 0.3836947310554585 0.4808332223080032 0.3924390433239693 0.4993125575815389 0.3924288061718214 0.4992525272001 0.3832818464517271 0.5022328072119063 0.3833507628742495 0.5021830277444683 0.3829486078804793 0.4756588113015961 0.38342156713645936
12 0.44599072265534356 0.40701004935410195 0.4301896742628023 0.39438123202508135 0.43012447254949837 0.3881961195858897 0.43591066614083196 0.3881555899028821 0.43601935339992126 0.36172766069189743 0.4296675655945121 0.36201993766590046 0.4295331445683465 0.3575893234634768 0.4291049748660819 0.3575565855067222 0.42970439119083315 0.3951552364376072 0.43784174072958476 0.40169257127570857 0.43813556736132775 0.41333250510858377 0.44599072265534356 0.40701004935410195
12 0.4679128382333529 0.4818123671808302 0.476554559540754 0.4594565110367941 0.48096087391566644 0.45980680991161904 0.4811025507362429 0.46792346952641034 0.49995172308178526 0.46827865936032875 0.4996618471821188 0.4590698007236987 0.5026573847808773 0.459008443115145 0.5025321548475773 0.4580440368132258 0.47615836599420885 0.45881822557249174 0.4716309829746638 0.4702354352711443 0.4630970698685572 0.4703142515843962 0.4679128382333529 0.4818123671808302
10 0.5610846796553566 0.6016948795043716 0.561006233451592 0.6012917131727998 0.5559059490998413 0.6013468764942947 0.5557664303899982 0.592275983094877 0.5552716386064278 0.5923215056256932 0.5553096868003157 0.601323724161939 0.5503059043241267 0.6014446256394558 0.550243343608809 0.6019515383314981 0.5610846796553566 0.6016948795043716
12 0.6966292989250842 0.7351201772649262 0.7079013318169163 0.705975241578342 0.7137435904902582 0.7057783287120196 0.7141397518185787 0.7172302326845271 0.7444333959744367 0.7174149858403082 0.7441950657770773 0.7053656172327976 0.7482172629136205 0.7052672915742805 0.748282539748479 0.7045852745804365 0.7076906050716494 0.705122380666133 0.7016231131321654 0.7205873393932637 0.6903636823424059 0.7207270329090463 0.6966292989250842 0.7351201772649262
12 0.7577486766873585 0.7222335174136539 0.7570638377259831 0.7213983048097417 0.7563483220683143 0.7204224332508138 0.7555426393984488 0.7200132155814127 0.7547544371222724 0.7197847965525451 0.7540734400496316 0.7199780895061133 0.7529675785114222 0.7203402499303636 0.7521333341065529 0.7215650927874727 0.7514856659853214 0.7228471476452533 0.7514708509253056 0.7246563274579266 0.7495722736092574 0.7199505350868949 0.7487240348670577 0.7199081982259982 0.7548153222016809 0.7340761161608645 0.7670318756559387 0.7032016154840777 0.7964707619328419 0.7026275914543927 0.7965275436864935 0.7016548682870056 0.7667129659063018 0.7022139836471288 0.7579730515067513 0.7244684546213669 0.7578987378767587 0.7234813908394137 0.7577486766873585 0.7222335174136539
12 0.8017037283878434 0.7335195054653696 0.8131666688436976 0.7042022274532835 0.8188492144399795 0.7042009975478856 0.81921045473968 0.7152568363852988 0.8442153796907483 0.7161292188475696 0.8441628797795587 0.7034818968779836 0.8480124192151614 0.7034255872835182 0.8480131601111729 0.70302708560616 0.8126638164972343 0.7036144810302212 0.8067096603095882 0.7188234929268159 0.7955262420108788 0.7190187002193392 0.8017037283878434 0.7335195054653696
12 0.8568992597758059 0.732433917103576 0.8682738696716055 0.7031883246012579 0.873689775845164 0.7031240239582613 0.8744181314184545 0.7030717034647491 0.8745340874606804 0.7145284984387186 0.8992748274723811 0.7147312662410056 0.8990938778497937 0.7027601100512162 0.9031689812870735 0.7025571570861696 0.9031345963243634 0.7020815662511216 0.8679984755990311 0.7025134634142587 0.8620115667835918 0.7179528280770006 0.850820541555169 0.7180674424320511 0.8568992597758059 0.732433917103576
0 0.079296875 0.299609375 0.0125 0.01015625
0 0.1609375 0.06796875 0.009375 0.01015625
0 0.22265625 0.066796875 0.009375 0.01015625
0 0.273046875 0.27265625 0.01484375 0.009375
0 0.284765625 0.296484375 0.0234375 0.0109375
0 0.177734375 0.459375 0.00859375 0.01875
0 0.261328125 0.637890625 0.0140625 0.01015625
0 0.4359375 0.634765625 0.009375 0.01015625
6 0.3995080918313142 0.7618916573702036 0.38670979907503134 0.781595951721928 0.3910661969929793 0.7871093349658196 0.404094424275043 0.7686234018992378 0.3995080918313142 0.7618916573702036
0 0.805859375 0.580078125 0.0125 0.009375
0 0.784765625 0.604296875 0.009375 0.009375
0 0.786328125 0.628125 0.0078125 0.009375
3 0.8189818855247382 0.6312307969400803 0.8180758766529405 0.6288831921732675 0.8053012481601469 0.6372782168500257 0.8076666166070519 0.6457971809628502 0.8160046349250084 0.640301369575019 0.81386150829837 0.6352179859761112 0.8189818855247382 0.6312307969400803
0 0.75546875 0.62890625 0.009375 0.009375
6 0.7115491547193075 0.5849218595327843 0.7227925922556333 0.5700250585019767 0.7172527489227212 0.5635524370617069 0.7076015245713931 0.5793708045265087 0.7115491547193075 0.5849218595327843
0 0.65078125 0.536328125 0.0078125 0.0125
0 0.6671875 0.526953125 0.00859375 0.0125
0 0.683984375 0.526953125 0.00703125 0.0109375
0 0.6828125 0.471875 0.00703125 0.01796875
0 0.649609375 0.481640625 0.0078125 0.01328125
0 0.632421875 0.464453125 0.0078125 0.01328125
0 0.6484375 0.419140625 0.0078125 0.0140625
0 0.7125 0.296484375 0.00859375 0.009375
0 0.770703125 0.271875 0.009375 0.01015625
0 0.77109375 0.295703125 0.009375 0.0109375
0 0.758984375 0.319140625 0.00859375 0.009375
6 0.8240784729547659 0.32733468166591295 0.828133655456659 0.33302112329198985 0.8349207293308016 0.32412985521731497 0.8302254401910473 0.31788043637041585 0.8240784729547659 0.32733468166591295
0 0.8503331448286818 0.4282461363887638 0.8318339653749389 0.40554981535976536 0.8271255490795436 0.41300162410578906 0.8366091466715506 0.4285268083849063 0.8417967968060823 0.4241311883891619 0.8474079980829075 0.43216870364893334 0.8503331448286818 0.4282461363887638
0 0.42421875 0.3390625 0.02890625 0.01484375
0 0.46015625 0.341015625 0.00390625 0.01015625
0 0.427734375 0.317578125 0.009375 0.0109375