6 0.3455984878581747 0.4275015069577792 0.340668197953821 0.4211838539598355 0.33481283896951053 0.42974780158049064 0.34004934417661664 0.4362405560357849 0.3455984878581747 0.4275015069577792
6 0.3357076411465604 0.4501538480069332 0.33281425725823305 0.4417426102611601 0.32548782302119666 0.4462538034005335 0.32830331461928897 0.4555878750096588 0.3357076411465604 0.4501538480069332
6 0.3680721732650911 0.5155378300972789 0.361558312315963 0.5122290334972122 0.35924708892968604 0.5225030851866157 0.36571201480939736 0.5257789556890271 0.3680721732650911 0.5155378300972789
6 0.3693222467322418 0.5435181371776786 0.36367379681963985 0.5371480247739238 0.3588828948379435 0.5452747735328226 0.36441093646899597 0.552019425754629 0.3693222467322418 0.5435181371776786
2 0.5167759887195488 0.5825851238036919 0.5111696547546736 0.5891906006323595 0.5201178276518733 0.6023506746784622 0.5256447588132435 0.5946767329866074 0.5167759887195488 0.5825851238036919
7 0.613671875 0.204296875 0.02109375 0.0125
0 0.3734375 0.14375 0.01953125 0.0109375
0 0.373046875 0.176171875 0.0125 0.0109375
0 0.34296875 0.208984375 0.0234375 0.01171875
0 0.281640625 0.177734375 0.0125 0.0109375
0 0.3375 0.241796875 0.01171875 0.01171875
0 0.209375 0.36953125 0.00859375 0.0171875
0 0.186328125 0.360546875 0.00859375 0.03359375
0 0.16328125 0.351171875 0.00859375 0.0171875
0 0.14140625 0.416796875 0.0078125 0.01796875
0 0.119140625 0.449609375 0.0078125 0.0171875
0 0.190234375 0.602734375 0.00859375 0.0328125
0 0.212890625 0.561328125 0.00859375 0.01484375
0 0.3125 0.632421875 0.0125 0.01171875
0 0.312890625 0.665234375 0.02421875 0.01171875
0 0.608203125 0.237109375 0.01171875 0.0109375
12 0.569500541909609 0.6246452799165307 0.5698920210910186 0.6456878261229066 0.579290110978917 0.6656799085913494 0.5949015681540938 0.6258088176119023 0.5942175285924411 0.6250271351979677 0.5867285352424692 0.6442253176330974 0.586982471689085 0.6392581797607748 0.58693259805295 0.6336130428951244 0.5872557330130272 0.6244024948296871 0.569500541909609 0.6246452799165307