4 0.4203125 0.278125 0.03046875 0.0109375
6 0.43027611648500586 0.3813771382188913 0.4223688293973962 0.3926377734405274 0.42577060559718305 0.39737900545329596 0.43314529117204276 0.38563907971496897 0.43027611648500586 0.3813771382188913
2 0.2504931657225956 0.4717891339420845 0.2454133797142608 0.4777710816157116 0.24922621081462298 0.4825934229431537 0.25321323510969107 0.4756908658699551 0.2504931657225956 0.4717891339420845
4 0.2109375 0.54765625 0.03359375 0.009375
5 0.668359375 0.281640625 0.00546875 0.00703125
4 0.67109375 0.302734375 0.0296875 0.0109375
2 0.6110648231722421 0.3576977775218594 0.6061849892795151 0.35093185142349326 0.6029687771184953 0.35522926536099186 0.6081187229362747 0.3620612250192935 0.6110648231722421 0.3576977775218594
8 0.70390625 0.344140625 0.0296875 0.0125
9 0.69375 0.34453125 0.00625 0.00859375
2 0.6516362814077538 0.46426470522859853 0.6456759275682448 0.4711938459658838 0.6498049769509301 0.47649441729720793 0.6548223455467543 0.46882285422078107 0.6516362814077538 0.46426470522859853
6 0.6729328584564629 0.5609573322492131 0.6698048641701372 0.5640129932637259 0.6729797617151081 0.5695237192231412 0.6757708463720964 0.5667641887568025 0.6729328584564629 0.5609573322492131
6 0.863166332218402 0.41199853097530187 0.8571381347159959 0.41847050316835943 0.860048510342547 0.4236720138126085 0.8658387919250725 0.41738620524984726 0.863166332218402 0.41199853097530187
8 0.88671875 0.332421875 0.0234375 0.01171875
8 0.8890625 0.321484375 0.03046875 0.01171875
10 0.878515625 0.321875 0.00625 0.00703125
12 0.6709848547853261 0.593668621241377 0.6765631399570722 0.5799899814835439 0.675899669667362 0.5795583268162142 0.6737804898438452 0.5855599499848017 0.6733275934119948 0.5808525059537795 0.667206291312854 0.5814025892636797 0.6678785046626535 0.5872345510795542 0.6709848547853261 0.593668621241377
12 0.6839163109185563 0.582279170105604 0.6784214090232408 0.5958354169993003 0.6791508702764391 0.596789578747808 0.6816103522071115 0.59066168286723 0.6818328598382133 0.5952516062590771 0.6877266009751334 0.5947460090707646 0.68725612551721 0.5890314633105219 0.6839163109185563 0.582279170105604
12 0.23113969735035225 0.560128865803627 0.2421265484868303 0.5590101044048371 0.24205774023645046 0.5583261950657348 0.23789309432192196 0.5582374377967261 0.2403338850583084 0.5559381416841567 0.23592572101856452 0.548438962823103 0.23293078137716328 0.5532870124300615 0.23113969735035225 0.560128865803627
12 0.6814444718748924 0.4686187833820251 0.6841113979464347 0.4613184065443875 0.6891833329981859 0.4611089381851146 0.6861791618325139 0.4539879740913827 0.6806870666724536 0.46770501874016457 0.6814444718748924 0.4686187833820251
12 0.6840475632949712 0.3684184307466869 0.6894335688969123 0.3543803350303303 0.6885938587920543 0.3542631704547716 0.6863674385215716 0.36002479070505816 0.686053405632403 0.3553602743282447 0.6805611336147266 0.35532432052295676 0.6807587722904651 0.3613066675198488 0.6840475632949712 0.3684184307466869
12 0.87036991884607 0.36373003026482353 0.8641063956137527 0.3593658859091428 0.8640003993732941 0.3512111128923827 0.8579652729947946 0.35660021157988986 0.8692706684465163 0.36640621250973443 0.87036991884607 0.36373003026482353
12 0.6302253331518616 0.27983640697725043 0.6438087150224285 0.2775996081956853 0.643252128547251 0.27493781620249735 0.6365213991997792 0.2765845549892095 0.6401558572330333 0.2748134791489639 0.636489070713688 0.26726084546493833 0.6330604800484619 0.2717131382375582 0.6302253331518616 0.27983640697725043
12 0.3944922009415669 0.26124756532171284 0.38766574070085985 0.26375463066317545 0.3838650137691774 0.25832739103851887 0.38204546798636485 0.26838909489859064 0.39549196024681993 0.26301333647469394 0.3944922009415669 0.26124756532171284
1 0.594720635983508 0.4559254320765609 0.5859148993057978 0.456281102246078 0.5899443324324845 0.46165597482779813 0.5902648404452016 0.47350164120863003 0.586872454250776 0.47356085552991534 0.587078825102336 0.48398749968961985 0.5944956590133648 0.4838731555475951 0.5942840110761719 0.4733891582330375 0.5908636809325059 0.4734887696609699 0.5906574492010568 0.46167376167920954 0.594720635983508 0.4559254320765609
0 0.212890625 0.17265625 0.02109375 0.0078125
0 0.24921875 0.157421875 0.01328125 0.00625
0 0.28203125 0.171875 0.02421875 0.00703125
0 0.274609375 0.1859375 0.00703125 0.00703125
0 0.320703125 0.15625 0.02421875 0.00703125
0 0.356640625 0.1703125 0.02421875 0.00703125
0 0.442578125 0.135546875 0.01171875 0.00703125
0 0.44296875 0.154296875 0.0109375 0.00625
0 0.44375 0.16875 0.02421875 0.0078125
0 0.530859375 0.167578125 0.02421875 0.0078125
0 0.5203125 0.1828125 0.00703125 0.00703125
0 0.56640625 0.15234375 0.025 0.00703125
0 0.605078125 0.166015625 0.02421875 0.00703125
0 0.63671875 0.151171875 0.0140625 0.00625
0 0.64921875 0.165234375 0.00703125 0.0078125
0 0.675 0.18828125 0.00625 0.0296875
0 0.686328125 0.18828125 0.00546875 0.02890625
0 0.698046875 0.226953125 0.00546875 0.0109375
4 0.690625 0.26328125 0.0125 0.00625
0 0.569140625 0.287890625 0.025 0.00703125
0 0.451171875 0.624609375 0.02578125 0.0078125
0 0.216796875 0.62890625 0.03125 0.00703125
0 0.2203125 0.576171875 0.00625 0.03359375
0 0.676953125 0.6203125 0.01328125 0.00625
0 0.651171875 0.54921875 0.00625 0.00625
0 0.221875 0.454296875 0.0046875 0.01015625
0 0.212109375 0.441796875 0.0046875 0.009375
0 0.323046875 0.33125 0.0109375 0.00703125
0 0.44609375 0.32890625 0.0109375 0.00703125
0 0.419921875 0.305078125 0.03203125 0.00625
0 0.67734375 0.447265625 0.00546875 0.0109375
0 0.6875 0.4109375 0.0046875 0.034375
0 0.6140625 0.35546875 0.0046875 0.00859375
0 0.56875 0.326953125 0.0109375 0.0078125
0 0.25703125 0.275390625 0.028125 0.009375
0 0.323046875 0.273828125 0.02734375 0.0078125
0 0.8671875 0.33671875 0.00703125 0.00703125
0 0.843359375 0.3375 0.00703125 0.00703125
0 0.87265625 0.44140625 0.00546875 0.01015625