4 0.108203125 0.14765625 0.021875 0.0140625
4 0.275 0.690234375 0.02265625 0.015625
7 0.542578125 0.112109375 0.02109375 0.01328125
8 0.437890625 0.732421875 0.08046875 0.034375
9 0.409765625 0.7328125 0.0171875 0.02421875
5 0.624609375 0.400390625 0.01640625 0.01796875
5 0.604296875 0.56796875 0.015625 0.015625
8 0.661328125 0.21328125 0.0796875 0.03671875
9 0.633203125 0.21171875 0.0171875 0.02421875
12 0.5180825750750385 0.13181872199671005 0.5188734545322601 0.13377895412442697 0.5197672426992413 0.13509188837303485 0.5184224024821087 0.13597620520380413 0.518025209280116 0.13772071463996366 0.5259686047436902 0.13169724861158527 0.5107497525342506 0.11860750316935302 0.5110337160765411 0.09972373427376739 0.5100677362000858 0.09991383058971079 0.5095540990093073 0.11882608798454167 0.5193348723793147 0.1283376959888869 0.518309881562766 0.12929301834535356 0.5180825750750385 0.13181872199671005
12 0.559130693793567 0.13541295585789204 0.5600502107323652 0.1346456460750832 0.5606764860527627 0.13337421057241122 0.5608057281744891 0.1317379099731514 0.5602316608437633 0.13001835175072324 0.5592450559284383 0.12886115353909683 0.561334324380906 0.12740188314524187 0.5607515569621485 0.1261807526323273 0.5533517472809656 0.1321192077705695 0.5685722903142516 0.14533726220397294 0.5684640396757282 0.16432201818103725 0.5688229805464017 0.16447452212185382 0.568890279582161 0.16172752281963215 0.5692462472352647 0.14420947680527627 0.5609150350079805 0.13701167686751842 0.559130693793567 0.13541295585789204
12 0.5740164513247226 0.2793770174539127 0.5727473828517571 0.3402341679212295 0.5735798715704337 0.3398972132968826 0.5745814160950216 0.27858684260787714 0.5618886693551758 0.2676607950710098 0.5621727876674114 0.2513836678644408 0.5510756042926591 0.25957474007088155 0.5740164513247226 0.2793770174539127
12 0.5227721023835653 0.5790777061920613 0.5076819544842023 0.5663224511392416 0.5079302719336811 0.5476967569855493 0.5072874670684739 0.5471437697906064 0.5065614838924859 0.5667373330835626 0.5154182512777497 0.5738438210298369 0.515600885541136 0.5853613748439109 0.5227721023835653 0.5790777061920613
12 0.44422910401072413 0.8480535943829208 0.46277331749087536 0.8050290837183475 0.5123070263623045 0.8058855734559108 0.5123272033148356 0.8050414190841974 0.4625878992574929 0.8039598447710992 0.452092689251152 0.8280860388273161 0.43647025806142964 0.8279843875802048 0.44422910401072413 0.8480535943829208
12 0.39481359249710724 0.8330640521367165 0.3942580936169591 0.8304365993254621 0.39306760402251595 0.828419362980539 0.3913989745904676 0.8273105513412242 0.3891542880969325 0.8274022152600219 0.38805943071449134 0.8278739872547755 0.38629202798188655 0.8297737432651774 0.38546290236214276 0.833555488167975 0.38302970018804183 0.8272298876467706 0.3821737541372118 0.8272478721188292 0.38992168099122815 0.8471112135653996 0.4084776709003175 0.8040355966680657 0.4275971587188051 0.8042671325854058 0.42763428829578964 0.8035430016354018 0.40817282654006926 0.8031049529572638 0.39822280602905624 0.8258590933563557 0.39522206627550394 0.8334966423408483 0.39481359249710724 0.8330640521367165
12 0.3194733942839897 0.8459409703048586 0.33800079703064123 0.802822949787356 0.379843210665162 0.8034357223128463 0.3798875084077697 0.8026993161341247 0.33773842443742685 0.8018494324015768 0.32731923243632244 0.8259508698632055 0.3114797657668251 0.8257599105958817 0.3194733942839897 0.8459409703048586
1 0.5260356595497889 0.10532073764998118 0.5265884160985288 0.07751597449324157 0.5165984301338205 0.09048682432096618 0.4834784811655635 0.09000364027482703 0.4837111824052213 0.07667219518340236 0.46448969702283127 0.0762216589763371 0.464156067855812 0.10370142395450119 0.4831609922379091 0.10422600295840243 0.4834379456062313 0.09097486356695006 0.5165768216818998 0.09172477170239964 0.5260356595497889 0.10532073764998118
0 0.304296875 0.1078125 0.01328125 0.01328125
0 0.304296875 0.14140625 0.03203125 0.0140625
0 0.344921875 0.17578125 0.03125 0.0140625
0 0.399609375 0.143359375 0.01171875 0.0140625
0 0.43515625 0.261328125 0.01015625 0.03515625
0 0.148828125 0.291796875 0.009375 0.00625
0 0.12265625 0.416796875 0.01015625 0.02734375
0 0.14609375 0.449609375 0.01015625 0.00625
0 0.14453125 0.5375 0.01015625 0.01796875
0 0.432421875 0.40859375 0.01015625 0.04375
0 0.457421875 0.340625 0.009375 0.01796875
0 0.480859375 0.35625 0.009375 0.01796875
0 0.501171875 0.649609375 0.0046875 0.01328125
0 0.50078125 0.68359375 0.0046875 0.0140625
0 0.637890625 0.25703125 0.009375 0.01640625
0 0.56875 0.1796875 0.0046875 0.0140625