5 0.132421875 0.580078125 0.008984375 0.016015625
6 0.2932385634886704 0.7078832425892317 0.29643651132962806 0.7192607380520266 0.32003377511757164 0.7060266182698124 0.31639803334758443 0.6947447065940714 0.2932385634886704 0.7078832425892317
8 0.48984375 0.65 0.075 0.030078125
9 0.462890625 0.65 0.016015625 0.02265625
2 0.23382556648140232 0.7958003629764066 0.2410260795211629 0.8055372050816697 0.2582783240701155 0.7781282516636419 0.25314878153056863 0.7684192377495462 0.23382556648140232 0.7958003629764066
6 0.6897575887131253 0.30483182093163946 0.6825810175288586 0.3105795523290986 0.696298418127405 0.3405759225650333 0.7040466011115862 0.33473805202661827 0.6897575887131253 0.30483182093163946
2 0.5843351859769133 0.20083182093163945 0.5772210346301838 0.21032304900181487 0.5956631038905515 0.23677737447065939 0.6038730226592561 0.22966122202056866 0.5843351859769133 0.20083182093163945
12 0.6039747755451048 0.18486025408348458 0.6164801197092775 0.19501875378100422 0.6161838392475417 0.21114761040532365 0.6271355280034203 0.2020362976406534 0.6046408721675931 0.18370780399274048 0.6046028217186833 0.13335632183908047 0.6040111158614793 0.1335656382335148 0.6039747755451048 0.18486025408348458
12 0.38626165027789655 0.696831215970962 0.37737793929029506 0.7162770719903206 0.3643488670371954 0.7162770719903206 0.373469431380932 0.7392444041137326 0.3864985036340317 0.7038717483363581 0.42513681060282177 0.7041796733212341 0.4255861479264643 0.6980042347247428 0.38626165027789655 0.696831215970962
12 0.5945835827276614 0.5945644283121598 0.5836165027789655 0.6187973381730187 0.5657118426678068 0.6189552329098609 0.577685763146644 0.6479395039322445 0.5945835827276614 0.6042256503327283 0.6388093202223173 0.6041022383545069 0.6394574604531852 0.5956733212341198 0.5945835827276614 0.5945644283121598
12 0.6637199657973494 0.5922710223835451 0.6517969217614367 0.6173345432546884 0.634964942283027 0.6213049001814882 0.6447836682342881 0.6545577737447066 0.66407054296708 0.6034379915305504 0.7155857203933306 0.6026442831215971 0.7147421975203079 0.5922710223835451 0.6637199657973494 0.5922710223835451
1 0.5923360410431809 0.11765456745311556 0.5922787516032493 0.10545674531155476 0.6172171868319796 0.10536479128856624 0.6266793501496367 0.11875680580762252 0.6266793501496367 0.09098790078644887 0.617495510902095 0.10398608590441623 0.5923103890551518 0.10398608590441623 0.5922257374946558 0.09116454930429521 0.5734087216759299 0.09116454930429521 0.5736203505771698 0.11765456745311556 0.5923360410431809 0.11765456745311556
11 0.43520778110303554 0.7599921355111918 0.43533262077811036 0.7421724137931034 0.42382257374946564 0.7512292800967937 0.43520778110303554 0.7599921355111918
0 0.248828125 0.155859375 0.018359375 0.014453125
0 0.316015625 0.12421875 0.0125 0.012109375
0 0.315625 0.156640625 0.012109375 0.01328125
0 0.467578125 0.2140625 0.0109375 0.0078125
0 0.17578125 0.234375 0.00859375 0.02421875
0 0.421875 0.28984375 0.008984375 0.01796875
0 0.444921875 0.328515625 0.008984375 0.0421875
0 0.46796875 0.367578125 0.008984375 0.0421875
0 0.490625 0.39609375 0.008984375 0.02734375
0 0.21484375 0.323828125 0.008984375 0.016796875
0 0.19453125 0.3625 0.008984375 0.04296875
0 0.176171875 0.401171875 0.009375 0.043359375
0 0.271484375 0.612109375 0.004296875 0.01328125
0 0.31640625 0.612109375 0.01171875 0.012890625
0 0.277734375 0.64453125 0.004296875 0.012890625
0 0.320703125 0.64453125 0.0125 0.01328125
0 0.444921875 0.750390625 0.01015625 0.016796875
0 0.69765625 0.279296875 0.008984375 0.015234375
0 0.69765625 0.24921875 0.009765625 0.0046875
0 0.644140625 0.15703125 0.0109375 0.013671875