5 0.1796875 0.2765625 0.0109375 0.0109375
8 0.269921875 0.09765625 0.05625 0.02421875
9 0.25078125 0.098046875 0.01171875 0.0171875
2 0.3110568619067978 0.170863361547763 0.30137323642582303 0.15582376058041114 0.2958984608807183 0.1610054413542926 0.30678516460025657 0.17700937122128177 0.3110568619067978 0.170863361547763
2 0.3139634459170586 0.49400090689238213 0.3011970927746901 0.4749093107617896 0.2955109020949124 0.4812877871825877 0.3094091492090637 0.5003140870616687 0.3139634459170586 0.49400090689238213
5 0.38125 0.47890625 0.01015625 0.0109375
5 0.237890625 0.562109375 0.0109375 0.009375
6 0.6286810602821719 0.4810807134220072 0.6223441641727234 0.5063159008464329 0.6278264215476701 0.5093733373639662 0.6344655835827278 0.4839256348246675 0.6286810602821719 0.4810807134220072
7 0.692578125 0.559375 0.00703125 0.02265625
8 0.7671875 0.491796875 0.05546875 0.02265625
12 0.31982684908080383 0.14279050785973396 0.3090495938435229 0.1338186215235792 0.30907973492945706 0.1333358524788392 0.31367742625053446 0.1333654776299879 0.313577597263788 0.12340991535671098 0.30917272338606244 0.12340991535671098 0.30914942283026936 0.12059189842805322 0.3086577597263788 0.12049486094316811 0.3086398033347585 0.13420193470374847 0.3146075245831552 0.1391602176541717 0.31471440786660965 0.14712454655380897 0.31982684908080383 0.14279050785973396
12 0.6643193672509621 0.16594347037484888 0.6688512184694314 0.16610278113663846 0.6690017101325354 0.15626964933494564 0.6642253099615221 0.15634915356711004 0.6642261650277896 0.15136305925030227 0.6582764001710133 0.1463739419588875 0.658230226592561 0.1386390568319226 0.6531282599401453 0.14259371221281741 0.6638343309106456 0.1518409915356711 0.6638877725523729 0.1690707376058041 0.6643330483112442 0.16896977025392984 0.6643193672509621 0.16594347037484888
12 0.715389910218042 0.5243282950423216 0.7216115861479265 0.5093530834340991 0.7220562206070971 0.5093748488512697 0.7220134672937154 0.515378476420798 0.7291838392475417 0.515418984280532 0.7291838392475417 0.5092137243047159 0.7311693031209919 0.5091810761789601 0.7311162890123984 0.5084129383313181 0.7214262505344164 0.508300483675937 0.717957887986319 0.5168013905683192 0.7121598973920479 0.5168388754534462 0.715389910218042 0.5243282950423216
12 0.690460453185122 0.5145495767835551 0.6895337751175716 0.5145495767835551 0.6887661393758016 0.5148866384522369 0.6884482684908082 0.5163470374848851 0.6877071398033349 0.5145120918984281 0.6870716117999145 0.514624546553809 0.690169303120992 0.5220392986698912 0.696523300555793 0.5066853083434099 0.7058482257374947 0.5067100967351874 0.7058691748610518 0.505674123337364 0.6961791363830698 0.5057865779927448 0.6917578024796922 0.5158603385731559 0.6912548097477555 0.5149987908101572 0.690460453185122 0.5145495767835551
12 0.6798561351004704 0.542090084643289 0.6803550662676358 0.5426444981862153 0.6808360410431809 0.5427705562273276 0.6814059427105602 0.542846130592503 0.682047242411287 0.5428712212817413 0.6824925181701582 0.5423672914147522 0.682831124412142 0.541888754534462 0.683044890979051 0.5409059854897219 0.6837216759298845 0.5427200725513905 0.6844343736639591 0.5427454655380894 0.6812742625053443 0.5352487908101572 0.6749670799486961 0.5505504836759372 0.6654664386489955 0.5506844014510278 0.665476699444207 0.5513500604594921 0.6752877297990596 0.5513500604594921 0.679535485250107 0.5410320435308342 0.6796780675502352 0.5413343409915357 0.6798561351004704 0.542090084643289
10 0.7525461735784524 0.4955538089480048 0.7525829414279608 0.49477599758162033 0.7473937580162463 0.49477599758162033 0.7473439504061565 0.48590477629987905 0.746880290722531 0.48590568319226113 0.7468253527148354 0.49477599758162033 0.7417646430098334 0.49474999999999997 0.7417646430098334 0.49550211608222494 0.7525461735784524 0.4955538089480048
1 0.6532167592988458 0.12888059250302297 0.6599760581445062 0.11923125755743653 0.6814153484395041 0.1191810761789601 0.6814397178281317 0.12870737605804114 0.6950989739204789 0.12870737605804114 0.6950829414279608 0.10898125755743653 0.6813567764001711 0.1091544740024184 0.6812855921333905 0.11856469165659007 0.6599048738777256 0.11846402660217654 0.6531812740487388 0.1091544740024184 0.6532167592988458 0.12888059250302297
0 0.123828125 0.34765625 0.00390625 0.0109375
0 0.07734375 0.27578125 0.0078125 0.0328125
0 0.09453125 0.23671875 0.00703125 0.025
0 0.07734375 0.229296875 0.0078125 0.0140625
0 0.280078125 0.255859375 0.00625 0.0125
0 0.486328125 0.121484375 0.025 0.01015625
4 0.53359375 0.176171875 0.01484375 0.009375
0 0.640625 0.1453125 0.009375 0.0109375
0 0.691796875 0.18203125 0.00625 0.0109375
0 0.67578125 0.234765625 0.00703125 0.0125
0 0.691796875 0.255078125 0.00625 0.03125
0 0.566015625 0.157421875 0.0140625 0.0109375
0 0.64296875 0.34765625 0.003125 0.009375
0 0.81875 0.34765625 0.003125 0.009375
5 0.839453125 0.26328125 0.009375 0.00859375
0 0.75078125 0.255078125 0.00625 0.03125
0 0.767578125 0.237890625 0.0078125 0.0125
0 0.75078125 0.18203125 0.00625 0.0109375
0 0.31796875 0.44296875 0.003125 0.009375
0 0.2890625 0.506640625 0.0078125 0.00390625
0 0.394921875 0.621484375 0.0140625 0.009375
0 0.408203125 0.597265625 0.021875 0.009375
0 0.471484375 0.597265625 0.0140625 0.009375
0 0.48671875 0.62109375 0.0140625 0.009375
0 0.49296875 0.5734375 0.0234375 0.009375
0 0.57109375 0.621484375 0.0140625 0.009375
0 0.58359375 0.59765625 0.0234375 0.009375
0 0.6328125 0.621484375 0.01875 0.009375
0 0.67578125 0.50625 0.00625 0.0046875
0 0.668359375 0.442578125 0.0125 0.0109375
0 0.63046875 0.443359375 0.00390625 0.0109375
0 0.48671875 0.44296875 0.025 0.0125