4 0.26484375 0.5390625 0.02265625 0.015625
8 0.4296875 0.530859375 0.0796875 0.0359375
9 0.401953125 0.53046875 0.0171875 0.02265625
6 0.47793636382704374 0.4220092145567724 0.4584230246854505 0.4493992102544925 0.4643497303783647 0.4577557352861361 0.4844210980735847 0.4318609563651782 0.47793636382704374 0.4220092145567724
8 0.434375 0.22890625 0.07734375 0.0328125
9 0.406640625 0.227734375 0.0171875 0.0234375
7 0.515234375 0.162109375 0.02109375 0.01328125
12 0.5043790431003738 0.28281461622749204 0.4890071275145379 0.26943485302396875 0.48934346067846635 0.25104972261712605 0.4884104396561389 0.250823913527641 0.48795101495026083 0.2700945893495265 0.4966718443028257 0.27733297034197246 0.4965576986235122 0.2891553525807275 0.5043790431003738 0.28281461622749204
12 0.535713788646397 0.19427617254206977 0.5360083663322284 0.19272913273415532 0.5360025968729791 0.1915180737580875 0.535568130685957 0.190374789146404 0.5351828912403047 0.18945984606453076 0.5344458058255301 0.18876538856574662 0.536179612422669 0.18750858151257005 0.5360156344653894 0.1861810198599753 0.5284770426989062 0.19206787874811063 0.5437362061465522 0.20511727839274915 0.5434497978023457 0.22381200618363475 0.54412593166321 0.2241530588035862 0.5442825885111561 0.20445634146212419 0.5343764510253457 0.19580458330935122 0.5351071178319357 0.19532517154967266 0.535713788646397 0.19427617254206977
12 0.49380520917472104 0.18976340416108686 0.493405333985211 0.1907262171653384 0.493470948380437 0.1927524678239831 0.49401702704910955 0.1937890906809682 0.4944217640985594 0.19485146789591345 0.4954057349734213 0.19506833155842324 0.4931971717681928 0.19688384699575218 0.4935557327317759 0.1982879244096627 0.5009896306378521 0.1915744010415849 0.4857541740522235 0.17870842725665853 0.4860729675760095 0.15987315732568108 0.48544091080597046 0.15970904455696258 0.48497629706913326 0.17939824849963837 0.4951070181219481 0.18793206126931064 0.49465565388847343 0.18838043001977295 0.49380520917472104 0.18976340416108686
12 0.5006675577344922 0.4779163674209256 0.4856310334624112 0.4646698827757733 0.48593366381980996 0.44631024757805965 0.4850603652798645 0.4460405831311764 0.4846553153695618 0.4651407411667485 0.4933757241921529 0.4726976755218488 0.49328241783265153 0.48420955757791584 0.5006675577344922 0.4779163674209256
1 0.5274348047394581 0.2571818808418155 0.5377014043194637 0.2435372608855082 0.5754712184774993 0.24396135640145622 0.5750829302841847 0.2566970069271258 0.5944815098040819 0.2574118968601723 0.5948736431589101 0.23042574627089243 0.5756576769546176 0.23005740526718715 0.5754004356083466 0.24288941484108334 0.5376332999995597 0.24227722284538059 0.5281378884819781 0.228334263912495 0.5274348047394581 0.2571818808418155
0 0.250390625 0.123828125 0.01328125 0.0140625
0 0.25 0.157421875 0.03125 0.01484375
0 0.30390625 0.158203125 0.0125 0.01328125
0 0.270703125 0.191796875 0.025 0.0140625
0 0.148828125 0.3 0.009375 0.00625
0 0.123828125 0.360546875 0.01015625 0.01875
0 0.146484375 0.42109375 0.009375 0.00625
0 0.512109375 0.532421875 0.0125 0.0140625
0 0.538671875 0.49921875 0.0046875 0.0140625
0 0.409765625 0.344921875 0.009375 0.01875
0 0.43359375 0.33203125 0.009375 0.01796875
0 0.458203125 0.29453125 0.01015625 0.015625
0 0.517578125 0.195703125 0.0125 0.01328125