5 0.13125 0.573828125 0.009375 0.01640625
6 0.3130272330454124 0.6915107498872873 0.289641991415755 0.704243096338928 0.29264088751871176 0.7156746708395414 0.31646552456636334 0.7028543957163058 0.3130272330454124 0.6915107498872873
8 0.487109375 0.649609375 0.07578125 0.03125
9 0.46015625 0.64921875 0.01640625 0.02265625
2 0.24850181653400133 0.764070208405252 0.22870367797791177 0.7911099267514038 0.23573316301882324 0.8009709521685796 0.2534611321624399 0.7738672664507394 0.24850181653400133 0.764070208405252
6 0.7068997425105638 0.33832432643650445 0.6931348420979784 0.3081732725534102 0.6858590521958228 0.3137948801064039 0.6990508547228154 0.3440260834003698 0.7068997425105638 0.33832432643650445
2 0.6085752645238405 0.23151523013518868 0.5895435459738054 0.20234923763699814 0.5822648333769146 0.21171486108640725 0.6002424021807014 0.23848701592162486 0.6085752645238405 0.23151523013518868
12 0.6323163482838436 0.20430049986307663 0.6101449948135822 0.18558221185720866 0.6109857046912053 0.13523773440626408 0.6103904358788798 0.1354366922296865 0.6094588866134535 0.18672286143523978 0.6217850358876247 0.19709806229304294 0.621207313189662 0.213219291607339 0.6323163482838436 0.20430049986307663
12 0.36931331202095874 0.7369997031218991 0.3829577378486394 0.7018598234357928 0.42158478598414106 0.70284203295947 0.42214183113584725 0.696675376929788 0.3828437947987934 0.6948162297165401 0.37362205986063374 0.714104081903012 0.36059497199834595 0.7138766932385502 0.36931331202095874 0.7369997031218991
12 0.5750920308778816 0.6492727755420603 0.5927501887790891 0.605860487389412 0.6369713443157157 0.606508939753178 0.6377664907190981 0.598092618004432 0.592918800352473 0.5962007368197523 0.5815304681511236 0.6202385539543699 0.5636257793633014 0.6200839452376975 0.5750920308778816 0.6492727755420603
12 0.6420642118949063 0.6570610572706534 0.6622403123594451 0.6062856632236745 0.7137614958964 0.6063911395144879 0.7130991398584771 0.5960047371702711 0.6620846790685416 0.5951142764449048 0.6497260322169937 0.6199658942099372 0.6328273240477984 0.6236418878851451 0.6420642118949063 0.6570610572706534
1 0.6333136674475173 0.12102573049871332 0.6337983016642651 0.09326105481627608 0.6243890115502978 0.106096980152489 0.5992077255193988 0.10565743916984367 0.5993468535196415 0.09283637797841013 0.580532703623567 0.0925079757704049 0.5802819857294359 0.11899765279475213 0.5989948257051376 0.1193242866315194 0.5991504263403293 0.10712732243876193 0.624086668143565 0.10747061812833825 0.6333136674475173 0.12102573049871332
11 0.43068016085236305 0.7588217573114899 0.43111597853977407 0.74100692837608 0.41944962043526185 0.749861537256308 0.43068016085236305 0.7588217573114899
0 0.2546875 0.1515625 0.01875 0.01484375
0 0.32265625 0.12109375 0.0125 0.0125
0 0.321484375 0.153515625 0.0125 0.01328125
0 0.47265625 0.213671875 0.0109375 0.0078125
0 0.18046875 0.22890625 0.009375 0.02421875
0 0.425390625 0.288671875 0.009375 0.01796875
0 0.448046875 0.327734375 0.009375 0.0421875
0 0.4703125 0.3671875 0.009375 0.0421875
0 0.492578125 0.39609375 0.009375 0.02734375
0 0.21796875 0.31875 0.009375 0.0171875
0 0.196875 0.35703125 0.009375 0.04296875
0 0.178125 0.395703125 0.01015625 0.04375
0 0.26953125 0.608203125 0.0046875 0.01328125
0 0.314453125 0.608984375 0.01171875 0.01328125
0 0.275390625 0.640625 0.0046875 0.01328125
0 0.318359375 0.64140625 0.0125 0.01328125
0 0.440625 0.74921875 0.01015625 0.0171875
0 0.7015625 0.2828125 0.009375 0.015625
0 0.701953125 0.252734375 0.01015625 0.0046875
0 0.65 0.159765625 0.0109375 0.0140625