5 0.405078125 0.245703125 0.00859375 0.01484375
5 0.428515625 0.414453125 0.00859375 0.014453125
2 0.732389661426844 0.45939760581445066 0.7263231559854898 0.4499153484395041 0.7065538089480049 0.47543693886276195 0.7136194074969769 0.4851209918768705 0.732389661426844 0.45939760581445066
8 0.7515625 0.346875 0.077734375 0.03046875
12 0.5463213422007256 0.5952317229585293 0.5538784764207981 0.5766772124839675 0.5658192261185006 0.5768554938007696 0.5593954050785974 0.5613894826849081 0.5459204957678355 0.5940581445061992 0.5087366989117291 0.5941077383497222 0.5087146311970979 0.5946618212911501 0.5463213422007256 0.5952317229585293
12 0.6900453446191052 0.4826284737067123 0.6899676541717049 0.4292338606241984 0.6768678960096736 0.4184048738777256 0.6766206166868198 0.4021906797776828 0.6659927448609431 0.4105348439504062 0.6888243651753325 0.4297131252672083 0.6891088270858525 0.48224583155194534 0.6895776904474002 0.48238050448909797 0.6900453446191052 0.4826284737067123
1 0.4856916565900846 0.6290927746900385 0.47679897218863354 0.6290397605814452 0.4765529020556227 0.5754711415134673 0.4863627569528416 0.5616464300983327 0.4656946795646917 0.5615404018811458 0.47550453446191054 0.5755241556220608 0.47548851269649334 0.6289867464728517 0.4665024183796856 0.6290927746900385 0.4663902660217654 0.6561975203078239 0.4856889359129384 0.6559807610089783 0.4856916565900846 0.6290927746900385
10 0.7230389963724304 0.353110303548525 0.7158213422007255 0.3530534416417273 0.7157206771463118 0.35405173150919195 0.7306795646916566 0.35407994869602394 0.7307403264812576 0.353110303548525 0.723442261185006 0.3530534416417273 0.723397823458283 0.3402167592988457 0.7230994558645707 0.34053313381787087 0.7230389963724304 0.353110303548525
0 0.13359375 0.13359375 0.010546875 0.01953125
0 0.23203125 0.24609375 0.030859375 0.016015625
0 0.179296875 0.280078125 0.012109375 0.0140625
0 0.27421875 0.2796875 0.031640625 0.013671875
0 0.273828125 0.346484375 0.013671875 0.0140625
0 0.273828125 0.380078125 0.03203125 0.0140625
0 0.232421875 0.413671875 0.031640625 0.0140625
0 0.1796875 0.38046875 0.012890625 0.01328125
0 0.13359375 0.51953125 0.0109375 0.0203125
0 0.56171875 0.553515625 0.0109375 0.00859375
0 0.538671875 0.51171875 0.010546875 0.019921875
0 0.63046875 0.38046875 0.0140625 0.015625
0 0.660546875 0.413671875 0.00625 0.014453125