4 0.357421875 0.09140625 0.05703125 0.021875
5 0.337109375 0.18515625 0.01484375 0.01328125
6 0.16543697034387234 0.30711626790931784 0.15502937513238166 0.31814834556045585 0.16065355170972853 0.3280438327867791 0.17105616353595704 0.316726257185179 0.16543697034387234 0.30711626790931784
6 0.17038176169104846 0.42766901982417876 0.157936707971559 0.41846920679826 0.1539127929083555 0.4312443438219787 0.1671331222351219 0.4407404114108118 0.17038176169104846 0.42766901982417876
4 0.355859375 0.57578125 0.021875 0.01796875
6 0.23205057083395011 0.696141807377582 0.2372737034963536 0.7051088831762493 0.2573201485789714 0.6831470891398174 0.25155295999624416 0.6732159798690416 0.23205057083395011 0.696141807377582
2 0.16507665766856877 0.7655390187061781 0.14727211984757535 0.7915923757764279 0.15359187678180097 0.799545603074655 0.17143540366412943 0.7744275821758686 0.16507665766856877 0.7655390187061781
8 0.508203125 0.1890625 0.07734375 0.0328125
9 0.48046875 0.189453125 0.01640625 0.0234375
2 0.6476316095808781 0.13506057107975736 0.6284647407153432 0.10893495965728972 0.6229644189767548 0.11865312328637145 0.6410406130383998 0.1431937774559401 0.6476316095808781 0.13506057107975736
6 0.6563723090236765 0.3355296038271887 0.6497369265507855 0.3430797089816872 0.6669475428505739 0.3710921386852658 0.6736095144019975 0.36188069939823564 0.6563723090236765 0.3355296038271887
8 0.5125 0.513671875 0.0765625 0.03203125
8 0.69453125 0.54296875 0.0765625 0.03203125
9 0.4859375 0.515234375 0.01640625 0.02265625
9 0.6671875 0.54453125 0.01640625 0.02421875
12 0.3726402224610235 0.12078143270721667 0.3839290680442064 0.12077134649907766 0.3775966453636522 0.10594373002744453 0.36514260722587977 0.13753129015045867 0.3235855173715008 0.13823610005587347 0.3235868913556329 0.13956416703481284 0.3237201774403377 0.13965501865337532 0.33857101306120313 0.13945448647788794 0.3660200889912528 0.1386365314904911 0.3726402224610235 0.12078143270721667
12 0.5862514257427069 0.2816907356005641 0.5638501929657351 0.26377103677788133 0.5627714676024393 0.2133865450461006 0.562134223514359 0.21337951659813226 0.5629126539743652 0.2645164902420377 0.5756741183519307 0.2746709991406375 0.5758395713086484 0.29069051514062905 0.5862514257427069 0.2816907356005641
12 0.5851550679011679 0.3634351449822266 0.5632132331518838 0.34508612898842095 0.5621343957433952 0.29447474440113425 0.5609949227951844 0.2942096540924838 0.561899533916507 0.3460347905238206 0.5745808776681604 0.3563026327067037 0.5749414774961511 0.3722824392355847 0.5851550679011679 0.3634351449822266
12 0.5785674311299506 0.4636765135558896 0.5787423661186821 0.4794308509068423 0.589673593140948 0.4702259685675978 0.5672794908566927 0.45244530743260913 0.5662683025412336 0.4015205347657143 0.5662380308381894 0.40140307785840007 0.5651363620811423 0.40156449497314145 0.5657963343238313 0.4307268074204769 0.5658851304279822 0.4530843797597388 0.5785674311299506 0.4636765135558896
12 0.7131132769975863 0.63836041461969 0.7298972747103202 0.5966612634794074 0.7704740667718832 0.595452614248957 0.7699156102398987 0.5937615586387607 0.7295289115876796 0.5943715177916564 0.7201165582914026 0.6183996996988868 0.7046667596055538 0.6183856071607907 0.7131132769975863 0.63836041461969
12 0.7815881134921786 0.6373866312385198 0.7980114999009144 0.5952381698109477 0.8456854405281456 0.5943896816555045 0.8456412079605281 0.592884477243893 0.7975395868366908 0.5934832831374092 0.7883153060114341 0.6169684751030573 0.7728560961608959 0.6176400716938789 0.7815881134921786 0.6373866312385198
12 0.8570997839965985 0.6359142816553686 0.8733057223451747 0.5939977207147276 0.9210613399837785 0.5929535849233071 0.9206979195956368 0.5912409733596558 0.8733343413387352 0.5919872356669684 0.863661473804339 0.6157398254068344 0.8481407705894988 0.6161710792891397 0.8570997839965985 0.6359142816553686
11 0.4234179922246981 0.22286359910686163 0.4228511656824555 0.20545583728281072 0.41174647929490205 0.21422810932891526 0.4234179922246981 0.22286359910686163
11 0.40157482465045485 0.3556528191809547 0.4012209397388607 0.3380979429261971 0.39002025411480484 0.3471762322187144 0.40157482465045485 0.3556528191809547
11 0.42568110494267825 0.4145683634289144 0.42534312186613404 0.3972140871461643 0.4143261619716447 0.4060882919545721 0.42568110494267825 0.4145683634289144
11 0.5551150533337218 0.588838089040488 0.5679705843826747 0.5886790406169852 0.5612614441312289 0.5734592699600201 0.5551150533337218 0.588838089040488
0 0.23515625 0.09609375 0.01328125 0.0125
0 0.236328125 0.12890625 0.03046875 0.0125
0 0.236328125 0.161328125 0.01171875 0.0140625
0 0.15703125 0.130078125 0.00390625 0.01328125
0 0.148046875 0.1625 0.02421875 0.01328125
0 0.212109375 0.194140625 0.01171875 0.01328125
0 0.14140625 0.23984375 0.009375 0.00859375
0 0.4171875 0.235546875 0.009375 0.00625
0 0.075 0.381640625 0.009375 0.0171875
0 0.099609375 0.477734375 0.009375 0.0171875
0 0.09765625 0.36171875 0.01015625 0.0203125
0 0.120703125 0.375390625 0.01015625 0.01640625
0 0.11953125 0.30546875 0.01015625 0.03515625
0 0.1421875 0.2828125 0.00859375 0.0171875
0 0.35 0.3453125 0.00859375 0.015625
0 0.373046875 0.353515625 0.01015625 0.0421875
0 0.395703125 0.32421875 0.009375 0.0171875
0 0.41953125 0.371875 0.009375 0.04296875
0 0.372265625 0.30234375 0.009375 0.015625
0 0.594921875 0.12265625 0.01171875 0.0140625
0 0.598828125 0.1546875 0.003125 0.01328125
1 0.5808012960296318 0.11650903186403468 0.5804689242247698 0.08960389871410843 0.5713862843994211 0.10253691718245798 0.5391145863464788 0.10310022176731595 0.5388928045862721 0.09039435323467523 0.5203198300625507 0.09052734901660653 0.5207868416267842 0.11703745273409996 0.5394017713644318 0.11690735493816566 0.5391833787285242 0.10439564920658073 0.5713654411317184 0.10396399557626598 0.5808012960296318 0.11650903186403468
0 0.64765625 0.266796875 0.01015625 0.02421875
0 0.648046875 0.29765625 0.00859375 0.015625
12 0.6052160717537574 0.38851153740772604 0.628081583759394 0.40669540597984233 0.6289809509870639 0.4568972772007056 0.6295330122741515 0.4568011183804006 0.6285696107653683 0.4058948732822535 0.6160359343150915 0.3957823723456756 0.6157593986651186 0.37993965556918663 0.6052160717537574 0.38851153740772604
0 0.573828125 0.545703125 0.00234375 0.0125
0 0.57421875 0.578515625 0.00390625 0.0125
0 0.234375 0.5515625 0.0109375 0.0125
0 0.24453125 0.61640625 0.0125 0.01328125
0 0.249609375 0.64921875 0.01328125 0.0140625
0 0.1984375 0.650390625 0.01171875 0.0125
0 0.24453125 0.583984375 0.01171875 0.0125
0 0.19296875 0.58515625 0.0171875 0.01328125
0 0.155859375 0.618359375 0.02421875 0.0140625