5 0.147265625 0.375390625 0.00625 0.01015625
5 0.180078125 0.675 0.00625 0.009375
8 0.23515625 0.791015625 0.053125 0.021875
9 0.216015625 0.790234375 0.0109375 0.01640625
6 0.6330910645575033 0.6104053236539625 0.6293715262932877 0.6035692679975802 0.6230440359127833 0.6104053236539625 0.6269773407439077 0.6169388989715668 0.6330910645575033 0.6104053236539625
5 0.416015625 0.421484375 0.00625 0.009375
5 0.391015625 0.376171875 0.00625 0.009375
2 0.2831979478409577 0.4113127646702964 0.27947840957674225 0.4055656382335148 0.2739632321504917 0.4129461584996975 0.2775545104745618 0.41833030852994557 0.2831979478409577 0.4113127646702964
6 0.33206498503634035 0.6147610405323654 0.3366823428815734 0.6196612220205686 0.34053014108593416 0.6110102843315184 0.335741769987174 0.6070175438596491 0.33206498503634035 0.6147610405323654
6 0.624112868747328 0.43133696309739866 0.6170158187259513 0.42679975801572895 0.614065840102608 0.4329098608590442 0.6217614365113298 0.4382940108892922 0.624112868747328 0.43133696309739866
5 0.320703125 0.306640625 0.0109375 0.01015625
7 0.225390625 0.234375 0.00625 0.02421875
2 0.2929824711415135 0.18856987295825772 0.27939290294997865 0.16860254083484572 0.27400598546387345 0.17580157289776163 0.2873668234288157 0.1944246823956443 0.2929824711415135 0.18856987295825772
8 0.30234375 0.104296875 0.0515625 0.0203125
5 0.45078125 0.306640625 0.0109375 0.009375
5 0.6671875 0.37578125 0.00625 0.009375
8 0.83671875 0.6984375 0.046875 0.02109375
8 0.869140625 0.422265625 0.0484375 0.0203125
11 0.931640625 0.238671875 0.01015625 0.0125
12 0.23899871740059858 0.1905795523290986 0.2377601539119282 0.1905124016938899 0.23642667806755022 0.19111917725347852 0.23604531851218474 0.19287174833635815 0.23504489097905087 0.19064730792498485 0.23413980333475845 0.19064730792498485 0.2384749893116717 0.2019062310949788 0.24771611799914495 0.1793877797943134 0.25695777354818594 0.17918640033333846 0.25695724668661823 0.1791857229280097 0.25695819128210506 0.1791863912307452 0.2574053014108594 0.17917664851784632 0.2574207420846689 0.17951364662312175 0.2576241983753741 0.1796575922565033 0.2574335185976913 0.17830913490623113 0.24719196237708427 0.17830913490623113 0.2411423685335614 0.19280459770114944 0.2404279606669517 0.19165819721718086 0.23899871740059858 0.1905795523290986
12 0.23852116289012398 0.27946158499697515 0.2396254809747756 0.280167574107683 0.24101496365968367 0.27981427707199036 0.24197691321077386 0.2789068360556564 0.24229756306113726 0.2771421657592256 0.24304574604531853 0.27946158499697515 0.24432834544677218 0.2796128251663642 0.23969687900812314 0.26922565033272833 0.2305758871312527 0.2913617664851785 0.22086404446344593 0.29129945553539016 0.22081402308678927 0.29232002419842706 0.23114621633176574 0.29242044767090136 0.23702479692176145 0.27835208711433757 0.23738093202223176 0.27774712643678157 0.23852116289012398 0.27946158499697515
12 0.2916887558785806 0.7647840290381126 0.27582513894826854 0.7517755595886266 0.28205215904232583 0.7515251058681185 0.28243736639589573 0.7199897156684816 0.2757947840957674 0.7197882637628554 0.27573877725523727 0.7157719298245614 0.2746763574176999 0.7158166969147005 0.2745878580589996 0.7520235934664247 0.2836023941855494 0.7597156684815487 0.2837789653698162 0.7716612220205687 0.2916887558785806 0.7647840290381126
12 0.6203415989739206 0.7199304295220811 0.6359670799486962 0.73310889292196 0.636100897819581 0.774502722323049 0.6371915348439505 0.774448275862069 0.6371915348439505 0.7321693889897157 0.6280987601539121 0.7249207501512402 0.6282099187687047 0.7133641863278888 0.6203415989739206 0.7199304295220811
12 0.8987815305686192 0.5694555353901996 0.8830701154339463 0.5560435571687841 0.8829418554938009 0.5200955837870538 0.882321932449765 0.5199963702359346 0.881716117999145 0.5565468844525105 0.8909794784095769 0.5640096793708409 0.8908725951261225 0.5756575922565033 0.8987815305686192 0.5694555353901996
12 0.849554082941428 0.48301209921355115 0.854577597263788 0.4944579552329099 0.8634843950406157 0.47212038717483357 0.8889726378794357 0.47194192377495464 0.8890290722530997 0.4724730792498488 0.8889935870029928 0.4709098608590441 0.8631992304403593 0.4708088324258923 0.8578909790508765 0.4830623109497882 0.849554082941428 0.48301209921355115
1 0.6204869602394185 0.8096098003629765 0.6274322359982899 0.7998294010889292 0.6492479692176143 0.8 0.6491893971782814 0.8092353297035693 0.6627323642582301 0.8089957652752571 0.6625365540829414 0.7895638233514821 0.6493339033775117 0.7896503327283726 0.6493339033775117 0.7988626739261948 0.6274779820436085 0.7988058076225044 0.6207682770414709 0.7895934664246824 0.6204869602394185 0.8096098003629765
11 0.656884993587003 0.6475946763460374 0.6527221034630185 0.6585716878402903 0.6615609234715691 0.6585716878402903 0.656884993587003 0.6475946763460374
11 0.6529499786233434 0.6585716878402903 0.6488242838820009 0.6476908650937689 0.64465284309534 0.658531155474894 0.6529499786233434 0.6585716878402903
11 0.6493039760581445 0.6939165154264973 0.6453612654980762 0.7047991530550514 0.6536660966224883 0.704852994555354 0.6493039760581445 0.6939165154264973
11 0.6453689610944849 0.704529945553539 0.6410859341598975 0.693909860859044 0.636758443779393 0.7045704779189352 0.6453689610944849 0.704529945553539
11 0.5543612654980762 0.7157531760435571 0.5505054019081776 0.7263584616147829 0.5505976913210774 0.7263672111312764 0.5586951688755879 0.7263672111312764 0.5543612654980762 0.7157531760435571
11 0.5507118426678068 0.726286146400484 0.546387345019239 0.7156279491833031 0.5419170585720394 0.7263877797943133 0.5507118426678068 0.726286146400484
11 0.4450265070542967 0.7728917120387174 0.4407387772552373 0.7619758015728978 0.4365472424112869 0.7729122807017543 0.4450265070542967 0.7728917120387174
11 0.42809020949123566 0.7730127041742286 0.43658657545959817 0.7728917120387174 0.4325840102607953 0.7622583182093163 0.42809020949123566 0.7730127041742286
11 0.45365156049593847 0.7495384150030249 0.44916631038905513 0.7389189352692075 0.4450692603676786 0.7495384150030249 0.45365156049593847 0.7495384150030249
11 0.44526891834117144 0.749659407138536 0.44112868747327927 0.7390399274047187 0.4364587430525866 0.7500629159104658 0.44526891834117144 0.749659407138536
10 0.2886404446344592 0.10909800362976405 0.2886707994869603 0.10819540229885058 0.2837199657973493 0.10806654567453115 0.2837473279179136 0.09959165154264973 0.2829799059427106 0.09970901391409556 0.28293031209918773 0.10806654567453115 0.27810047028644724 0.10802359346642465 0.2781308251389483 0.10905505142165758 0.2886404446344592 0.10909800362976405
11 0.44584352287302276 0.12812280701754383 0.44165198802907224 0.11605626134301268 0.43746088071825573 0.12804234724742888 0.44584352287302276 0.12812280701754383
11 0.42907823856348876 0.1282437991530551 0.4373236425823001 0.12809013914095582 0.43349764856776407 0.11666182698124623 0.42907823856348876 0.1282437991530551
11 0.5221111586147927 0.15068784029038113 0.5177203933304833 0.13874289171203874 0.5135006412997007 0.15060738052026618 0.5221111586147927 0.15068784029038113
11 0.5050324925181702 0.15056684815486995 0.5133817870884994 0.15047368421052632 0.509566053869175 0.13902540834845736 0.5050324925181702 0.15056684815486995
11 0.6584677212483968 0.16322383545069571 0.6543822146216332 0.17467211131276467 0.6629730654125695 0.17472534785238963 0.6584677212483968 0.16322383545069571
11 0.6503420265070544 0.16322383545069571 0.6457229585292861 0.17468481548699338 0.6542766139375803 0.17456382335148213 0.6542112013681061 0.17455111917725352 0.6503420265070544 0.16322383545069571
11 0.5680299273193674 0.3474984875983061 0.564087216759299 0.35864065335753176 0.5725348439504063 0.3587174833635814 0.5680299273193674 0.3474984875983061
11 0.5553133817870886 0.3587985480943739 0.5639162035057718 0.3585801572897761 0.559903805044891 0.3475795523290986 0.5553133817870886 0.3587985480943739
10 0.8252475416844807 0.7030211736237144 0.8252475416844807 0.7024156079854811 0.8201722958529286 0.7022141560798548 0.82009405728944 0.6937283726557774 0.8194882428388202 0.6937797943133697 0.8195168875587859 0.7022946158499698 0.8147836682342883 0.7022546884452511 0.8147550235143225 0.7031016333938295 0.8252475416844807 0.7030211736237144
9 0.8576968790081232 0.42715970961887473 0.8577255237280891 0.42635269207501514 0.8526502778965371 0.42627162734422264 0.85262932877298 0.4178663036902601 0.8519944420692604 0.4178372655777374 0.8519375801624627 0.42631215970961883 0.8472612227447627 0.42635269207501514 0.8472330055579309 0.42715970961887473 0.8576968790081232 0.42715970961887473
0 0.254296875 0.23828125 0.0078125 0.0140625
0 0.2703125 0.234375 0.00625 0.01171875
0 0.270703125 0.290234375 0.0078125 0.0171875
0 0.46015625 0.12265625 0.0234375 0.009375
0 0.423828125 0.146484375 0.0125 0.01015625
0 0.440234375 0.1453125 0.0125 0.009375
0 0.534765625 0.14609375 0.0234375 0.01015625
0 0.5640625 0.306640625 0.00390625 0.01015625
0 0.565625 0.3296875 0.009375 0.0109375
0 0.5828125 0.352734375 0.01953125 0.0109375
0 0.64453125 0.28203125 0.00625 0.00625
0 0.64453125 0.234765625 0.0078125 0.0140625
0 0.6609375 0.237890625 0.0078125 0.0140625
0 0.63671875 0.16875 0.01328125 0.0109375
0 0.205078125 0.424609375 0.0078125 0.01796875
0 0.1734375 0.485546875 0.0078125 0.01328125
0 0.18984375 0.5125 0.00625 0.03125
0 0.2046875 0.540234375 0.00625 0.0296875
0 0.254296875 0.540625 0.0078125 0.0140625
0 0.1234375 0.675 0.009375 0.009375
0 0.09140625 0.67578125 0.003125 0.009375
0 0.270703125 0.603515625 0.0078125 0.0125
0 0.270703125 0.551171875 0.00625 0.0109375
0 0.270703125 0.516796875 0.00703125 0.0109375
0 0.455859375 0.7671875 0.01484375 0.01015625
0 0.466015625 0.74453125 0.0234375 0.01015625
0 0.476953125 0.72109375 0.009375 0.009375
0 0.395703125 0.72109375 0.009375 0.009375
0 0.56953125 0.72109375 0.01796875 0.009375
0 0.573828125 0.698046875 0.009375 0.01015625
0 0.577734375 0.675 0.009375 0.01015625
0 0.629296875 0.698046875 0.003125 0.009375
0 0.633203125 0.675390625 0.0125 0.009375
0 0.635546875 0.65234375 0.0125 0.01015625
0 0.644921875 0.612109375 0.00625 0.0140625
0 0.67734375 0.615234375 0.00625 0.0125
0 0.6609375 0.575 0.00703125 0.0125
0 0.676953125 0.534375 0.00625 0.0125
0 0.644921875 0.528125 0.00703125 0.01171875
0 0.709765625 0.578515625 0.00625 0.00625
0 0.709765625 0.55234375 0.00625 0.0109375
0 0.709765625 0.516015625 0.00703125 0.0109375
0 0.839453125 0.56953125 0.00625 0.0125
0 0.7921875 0.675390625 0.0125 0.01171875
0 0.757421875 0.6765625 0.009375 0.0109375
0 0.884765625 0.67578125 0.003125 0.0125