5 0.274609375 0.4609375 0.0078125 0.0140625
7 0.15625 0.5515625 0.01015625 0.01875
12 0.1930330685819796 0.5667379319540058 0.19163369635793617 0.5655500109579548 0.1898001913012028 0.5656766459622709 0.1883252004744355 0.5666557558105152 0.18767447874573367 0.5675436365593858 0.1872181927729359 0.5701273451065333 0.18550245990018266 0.565654650965751 0.1845635895671353 0.5659025186472546 0.19072794484324368 0.5810312171128988 0.20452311775141388 0.5487014257575076 0.21308017615368668 0.5487977675833848 0.2131332498270992 0.5479050136262732 0.2041322615144213 0.5475366672508599 0.19440043484030967 0.5697767947457668 0.1936087687493141 0.5680175200690852 0.1930330685819796 0.5667379319540058
12 0.18782560237141765 0.6206360190859003 0.18907397646776036 0.6220218479833479 0.19050315120172717 0.6218834517861455 0.19217879207924476 0.620875774428132 0.19292573079629013 0.6200703892240107 0.1934706700104663 0.6175694717941773 0.1951253038188033 0.6221822068723275 0.19609554444708058 0.6218172972401104 0.1899149917525416 0.6069756620775937 0.17590252428573014 0.6387633143341437 0.16171420134313147 0.6386563360632032 0.16162054035667803 0.6396052521345912 0.17676838557003455 0.6399786963123845 0.18638409680498041 0.6170639299533773 0.18687726119285963 0.6197463100839644 0.18782560237141765 0.6206360190859003
12 0.642087145887132 0.6161443095919108 0.6614290704576338 0.5727659885233843 0.7029066694533107 0.5741690087423772 0.7031409348167792 0.5715390925834273 0.6608605123731013 0.5693797484512193 0.6496054605515084 0.5954835769136035 0.6339072656609146 0.5955653256541068 0.642087145887132 0.6161443095919108
12 0.7146274800179266 0.5976819773555448 0.7131492858677476 0.5971298019237201 0.7116606792808116 0.597191475842209 0.70971661027936 0.5984732618348261 0.7081545230175226 0.6027446407990183 0.705968798093699 0.5965657502295673 0.7048504236872483 0.5967219718161804 0.7129180871745671 0.617476877879308 0.7314590319116185 0.5744664209011623 0.7428642236621956 0.5744901839774548 0.7427663187680614 0.5729974399116757 0.7313098801646969 0.5723587512181674 0.7176416714159226 0.6025591814195718 0.7165271606628605 0.5989431986046914 0.7146274800179266 0.5976819773555448
0 0.388671875 0.07578125 0.0203125 0.0140625
0 0.38984375 0.109765625 0.040625 0.01484375
0 0.16171875 0.2359375 0.009375 0.01640625
0 0.16015625 0.319921875 0.01015625 0.04453125
0 0.136328125 0.3203125 0.01015625 0.01796875
0 0.458984375 0.144140625 0.03046875 0.01484375
0 0.542578125 0.1125 0.01171875 0.01484375