12 0.24296875 0.27109375 0.02265625 0.02734375
7 0.286328125 0.177734375 0.03125 0.01796875
12 0.327734375 0.236328125 0.02109375 0.021875
2 0.35143616023266316 0.23447859573714083 0.3374161687276076 0.25530686169747063 0.34717281800068206 0.26575062998076693 0.35996611412931906 0.24686244797651527 0.35143616023266316 0.23447859573714083
6 0.4639410585512779 0.4676388968272172 0.4292518543543348 0.48768508677276834 0.4336960181052037 0.5018031460443726 0.46809624007457995 0.4823981310454758 0.4639410585512779 0.4676388968272172
4 0.159375 0.6875 0.03828125 0.01796875
12 0.58515625 0.646875 0.0265625 0.0453125
12 0.6365434088712749 0.6206577357017045 0.6287133195345209 0.6451354816486607 0.6092536929305857 0.6454751506945112 0.6213381154863115 0.6744591102381762 0.6412697822684637 0.6242662461060571 0.6365434088712749 0.6206577357017045
0 0.197265625 0.446484375 0.0140625 0.0265625
0 0.159765625 0.448046875 0.01171875 0.02734375
0 0.26953125 0.22890625 0.025 0.01875
0 0.5203125 0.176953125 0.01875 0.01953125
0 0.559375 0.221875 0.00625 0.0171875
0 0.6328125 0.4375 0.0125 0.0234375