6 0.22800816203143892 0.3491898247114152 0.218956469165659 0.33575587858059 0.21300785973397823 0.34402650705429677 0.22144800483675936 0.3577199657973493 0.22800816203143892 0.3491898247114152
8 0.289453125 0.52890625 0.05703125 0.0296875
8 0.391796875 0.562109375 0.0765625 0.02890625
8 0.558203125 0.124609375 0.0765625 0.0296875
2 0.6655241837968562 0.182439076528431 0.6460462515114873 0.20938606241983754 0.652496977025393 0.2185138948268491 0.6718195284159613 0.1917451902522446 0.6655241837968562 0.182439076528431
7 0.659375 0.31328125 0.0125 0.0125
2 0.659723700120919 0.42373364685763154 0.6529492140266022 0.43151346729371526 0.6716556831922611 0.45849764856776404 0.677429262394196 0.4489769132107739 0.659723700120919 0.42373364685763154
8 0.5578125 0.494921875 0.07734375 0.0296875
12 0.6292518137847642 0.20882813168020525 0.6058929866989118 0.18978879863189402 0.6058987303506651 0.18871611799914492 0.6152926239419589 0.1885737494655836 0.6154649334945587 0.14348396750748185 0.6058691051995163 0.1436836254809748 0.6058288996372431 0.13715861479264646 0.6051233373639662 0.13718725951261224 0.6049640266021765 0.19057716973065414 0.6180598548972188 0.2010761008978196 0.6179670495767835 0.2177627191107311 0.6292518137847642 0.20882813168020525
12 0.5328576178960096 0.42860795211628905 0.5461907496977025 0.39570628473706715 0.5467590689238211 0.3955592133390338 0.54651723095526 0.40838135955536553 0.5787750906892382 0.4099345874305259 0.5784930471584039 0.3956592560923472 0.58319830713422 0.39580889268918346 0.5832708585247884 0.3944745617785379 0.5455377871825876 0.3941663103890552 0.5380637847642079 0.41284908080376237 0.5261417775090689 0.41286618212911497 0.5328576178960096 0.42860795211628905
12 0.6288763603385731 0.4612791791363831 0.6058476420798066 0.44232877297990597 0.6058476420798066 0.4412744762719112 0.614939238210399 0.4413599828986746 0.6151106408706167 0.3956404446344592 0.6058981257557436 0.39592560923471576 0.6058648730350665 0.38984181274048746 0.6050474607013301 0.38984181274048746 0.6050432285368803 0.4427575887131253 0.6180350665054414 0.4533138093202223 0.6181641475211608 0.46973150919196244 0.6288763603385731 0.4612791791363831
12 0.5641816807738815 0.6650897819581018 0.5820078597339782 0.62177939290295 0.5827131197097944 0.6217238135955537 0.5829147521160822 0.6390513039760581 0.6178506650544136 0.6405438221462163 0.6178207376058041 0.6218644719965798 0.6237366989117291 0.6216789226165028 0.6237167472793229 0.6210239418554939 0.5814431680773882 0.6210957674219753 0.5716082224909311 0.6449931594698589 0.5558669891172914 0.6450957674219752 0.5641816807738815 0.6650897819581018
12 0.706898730350665 0.6653133817870885 0.7249860943168077 0.6218212911500642 0.7259120314389359 0.6217823856348867 0.7257103990326481 0.6389923044035914 0.7685262998790809 0.6402479692176144 0.7683044135429262 0.6217242411286875 0.7742917170495768 0.621837964942283 0.7742312575574365 0.6210688328345448 0.7238808948004837 0.621328772979906 0.7143567110036276 0.6446421547669945 0.698858222490931 0.6453009833262078 0.706898730350665 0.6653133817870885
12 0.2471665659008464 0.5974159897392048 0.26030139056831925 0.5640098332620779 0.2608914752116082 0.5640222317229586 0.26091565900846436 0.5768922616502781 0.2930453446191052 0.577648140230868 0.2929966747279323 0.5640572894399316 0.2973231559854897 0.5641744335185978 0.29738119709794436 0.5627729799059428 0.2597769044740024 0.5627729799059428 0.25240931076178963 0.5815160324925183 0.24028929866989115 0.5812689183411714 0.2471665659008464 0.5974159897392048
11 0.5180414147521161 0.12959427105600688 0.5117276299879081 0.11444206926036768 0.5053672914147522 0.1297490380504489 0.5180414147521161 0.12959427105600688
9 0.5312726723095527 0.11405814450619926 0.5220402055622733 0.13515647712697731 0.5285414147521161 0.13531081658828562 0.5378010882708585 0.11428986746472854 0.5312726723095527 0.11405814450619926
11 0.6846756348246675 0.18002565198802908 0.6783621523579202 0.16498375374091495 0.6721000604594921 0.18027875160324927 0.6846756348246675 0.18002565198802908
11 0.6847137243047159 0.4325215904232579 0.6783787787182589 0.4174206926036768 0.6721986094316807 0.43264172723386063 0.6847137243047159 0.4325215904232579
11 0.7026321039903264 0.4997605814450621 0.6962542321644498 0.4844467721248398 0.6898624546553809 0.4999405728943994 0.7026321039903264 0.4997605814450621
1 0.6423757557436517 0.5090786660966226 0.6518987303506651 0.4952154766994442 0.6662741837968561 0.49513937580162476 0.6661045949214027 0.5082227447627192 0.6854501209189843 0.5085228730226593 0.6853763603385732 0.4812082086361694 0.6662070737605804 0.4812193244976486 0.6662315598548971 0.4943197947840958 0.6520529020556227 0.49425053441641725 0.6424492140266023 0.48073407439076526 0.6423757557436517 0.5090786660966226
1 0.6285102781136638 0.5758888413852074 0.628425030229746 0.5483018383924755 0.619055622732769 0.5617977768277043 0.5953397823458283 0.561596408721676 0.5953113663845223 0.5486643864899531 0.5763035066505442 0.5486237708422403 0.5763938935912939 0.5757280889268919 0.595360338573156 0.5755669089354425 0.5953887545344619 0.5627554510474563 0.6190937122128174 0.5627554510474563 0.6285102781136638 0.5758888413852074
11 0.5717605804111245 0.5674258230012826 0.5652699516324062 0.5520803762291578 0.5588095525997582 0.567528430953399 0.5717605804111245 0.5674258230012826
11 0.5180402055622733 0.4999008123129543 0.5117663240628778 0.48467165455322786 0.5054703748488513 0.4998580589995725 0.5180402055622733 0.4999008123129543
11 0.5714449818621523 0.43278922616502785 0.5653098548972189 0.41746259085079096 0.5589873035066506 0.4326122274476273 0.5714449818621523 0.43278922616502785
11 0.3515241837968561 0.5673120991876871 0.3452360943168077 0.5520996152201796 0.33909461910519945 0.5673073963232151 0.3515241837968561 0.5673120991876871
11 0.28049093107617895 0.6009628046173578 0.273782345828295 0.5855271483539976 0.26733524788391777 0.6007926464300983 0.28049093107617895 0.6009628046173578
11 0.31578385731559855 0.5083574176998717 0.3094298669891173 0.4928961094484823 0.30317261185006045 0.508295852928602 0.31578385731559855 0.5083574176998717
11 0.38586033857315594 0.34102265925609243 0.37500030229746073 0.35005044890979053 0.3859090084643289 0.35916417272338613 0.38586033857315594 0.34102265925609243
10 0.2634755139056832 0.5352898674647285 0.2783839177750907 0.5352582300128261 0.2784283555018138 0.5347883710987602 0.2711402660217654 0.5347567336468577 0.2711813784764208 0.5217973492945703 0.2711402660217654 0.5216891834117144 0.27085217654171706 0.5217516032492518 0.2708080411124546 0.5347567336468577 0.2634755139056832 0.5347883710987602 0.2634755139056832 0.5352898674647285
10 0.37084129383313175 0.5691872595126123 0.3708733373639661 0.5685019238991023 0.3636695888754534 0.5683646857631467 0.36372944377267236 0.5556100897819581 0.36305592503022976 0.5556601111586149 0.3628941958887545 0.5682731936725097 0.3559165659008464 0.5684104318084652 0.35588422007255144 0.5691415134672938 0.37084129383313175 0.5691872595126123
9 0.5313304111245466 0.484124412141941 0.5221185006045949 0.5054446344591705 0.5285532043530834 0.5055404018811458 0.5375858524788393 0.48416887558785815 0.5313304111245466 0.484124412141941
0 0.635546875 0.515234375 0.00625 0.0140625
0 0.394921875 0.44765625 0.01015625 0.0078125
0 0.419140625 0.40625 0.0109375 0.0171875
0 0.3953125 0.395703125 0.01015625 0.00625
0 0.265234375 0.48203125 0.0125 0.015625
0 0.20625 0.481640625 0.0109375 0.01484375
0 0.200390625 0.515234375 0.01796875 0.01484375
0 0.133984375 0.44921875 0.0109375 0.0078125
0 0.1328125 0.33515625 0.009375 0.05234375
0 0.109375 0.33515625 0.009375 0.01796875
0 0.17578125 0.144921875 0.0046875 0.0125
0 0.265625 0.1109375 0.0125 0.0140625
0 0.266015625 0.144921875 0.0375 0.0140625
0 0.3953125 0.348828125 0.009375 0.00546875
0 0.419140625 0.33671875 0.009375 0.01796875
0 0.635546875 0.077734375 0.0046875 0.0125