2 0.1719801574368955 0.5119235104948288 0.16086320501403267 0.5276040487377143 0.16915089992798588 0.5377972700794832 0.18000001746161678 0.5213175791958011 0.1719801574368955 0.5119235104948288
6 0.3547891596846905 0.3383632923118771 0.3596875210044572 0.353236851719603 0.3724864482368344 0.34436139446998487 0.36902704980823986 0.331577396647907 0.3547891596846905 0.3383632923118771
7 0.574609375 0.1796875 0.021875 0.01484375
12 0.6391257953183306 0.6141637232786396 0.647118320533035 0.6357417272418924 0.6658283738881857 0.5919115230151397 0.7077537762712809 0.5925851802726401 0.7078785634260939 0.5931787268328703 0.7078365026255159 0.5912580764754889 0.6656283453217264 0.590414858382734 0.6549565600578668 0.6143335783385147 0.6391257953183306 0.6141637232786396
12 0.7212634510591612 0.6178188143486919 0.7203388009600893 0.6168709379145895 0.7184697576805297 0.6161062654232052 0.7166319093044906 0.6162738740474747 0.7151101364154742 0.6171790480094784 0.7138602053543278 0.6186884597475011 0.7134200171282294 0.6223418725278812 0.7107643894600452 0.6154389802897775 0.7100091531920953 0.6155592082485247 0.7178907884464361 0.6357994596588791 0.7364746307461774 0.5928603051732273 0.7476880990799933 0.5931633641540999 0.747736440209082 0.5919874575425929 0.7362136118593701 0.5916533427670106 0.7227449526541464 0.6219055747219329 0.7225481381445068 0.6197051394566128 0.7212634510591612 0.6178188143486919
11 0.5135050607775012 0.4541863923950598 0.5071544261422115 0.4382283225745177 0.5001545026809322 0.45368268783864363 0.5135050607775012 0.4541863923950598
11 0.5591691152533009 0.558015399953189 0.5531245355657599 0.5423816606429228 0.5463074106063874 0.5577908980634896 0.5591691152533009 0.558015399953189
11 0.3487607596385194 0.41741591111948095 0.34266365572573837 0.4018813129880832 0.33550975639145697 0.41753096858731364 0.3487607596385194 0.41741591111948095
11 0.8146432496381903 0.29281457903336394 0.8085017439987189 0.2771043181789704 0.8017058396315132 0.29238906731469283 0.8146432496381903 0.29281457903336394
12 0.6109993680845854 0.22958092803200514 0.6119258393702139 0.22848448897826173 0.6125624975270307 0.2266701849196117 0.6125973426480492 0.22467390927344652 0.6123439082963145 0.22301510789590914 0.6117752843154285 0.2220922602442163 0.6111442178349774 0.22128249138982006 0.6102071057101893 0.22066749647409142 0.6090854679346004 0.2202485414398896 0.6126975425071508 0.21777293957177948 0.6125782980055233 0.2165154296625323 0.6017594341301897 0.2252514165551544 0.6082204106998192 0.2311119691195509 0.6243819343293308 0.24463678764828925 0.6240462527847598 0.264734032858642 0.6245999058255262 0.26455726406744706 0.6249198907160128 0.24390429473240222 0.6106913177720078 0.23163999538875135 0.6096909440892511 0.23061340190968133 0.6109993680845854 0.22958092803200514
12 0.5365754706357155 0.22179946446180968 0.5353989345618885 0.2233477859609027 0.5346611267631386 0.2251889735293453 0.5347247489426661 0.22732935814891642 0.5356164164669314 0.22937002761856268 0.5367426770749291 0.23070198562779104 0.5379445235216671 0.2311505621946565 0.5345964931453774 0.2335166042361756 0.534658279417427 0.23460164430639407 0.5455132911467969 0.22609847423160465 0.5227693716227292 0.20668874864679626 0.5228945210378086 0.1947382790012322 0.522413224978794 0.19477092738014634 0.52223416130702 0.20733320425415508 0.5379610291716078 0.22097272894039893 0.5372333312980888 0.2210741956619493 0.5365754706357155 0.22179946446180968
0 0.267578125 0.208203125 0.01171875 0.01328125
0 0.31875 0.209375 0.0046875 0.01484375
0 0.1 0.390625 0.01015625 0.01875
0 0.122265625 0.44296875 0.01015625 0.0171875
0 0.14609375 0.460546875 0.01015625 0.01640625
0 0.260546875 0.594921875 0.01328125 0.0140625
0 0.261328125 0.561328125 0.0125 0.01484375
0 0.307421875 0.5625 0.01875 0.0140625
0 0.386328125 0.58125 0.01953125 0.015625
0 0.359765625 0.489453125 0.01015625 0.0078125