5 0.273828125 0.46484375 0.007421875 0.013671875
7 0.15703125 0.557421875 0.009765625 0.018359375
12 0.20500695284159615 0.5526930312099189 0.19566475211608222 0.5750996152201796 0.19484250302297462 0.5733544249679351 0.1942445586457074 0.5720850790936298 0.19282466747279323 0.5709217614365114 0.19099365175332528 0.5710803762291579 0.18953597339782347 0.5720850790936298 0.18890084643288996 0.5729841812740488 0.18848972188633614 0.575575459598119 0.18669619105199514 0.5711333903377513 0.18576178960096734 0.5713976058144506 0.19218923821039902 0.5864164172723386 0.20541807738814993 0.5538507909362977 0.2139755139056832 0.5537977768277043 0.21401299879081015 0.5529042325780249 0.20500695284159615 0.5526930312099189
12 0.17926058041112455 0.645598546387345 0.18847490931076177 0.6225194527575888 0.18901481257557434 0.625192817443352 0.18997853688029018 0.626065840102608 0.1912509068923821 0.6274296707994871 0.19267744860943165 0.6272663531423686 0.19433524788391776 0.6262295852928602 0.19506801692865777 0.6254112868747328 0.1955692261185006 0.6229012398460881 0.19730411124546554 0.6274843950406157 0.19826783555018138 0.6271026079521163 0.19182920193470376 0.612371098760154 0.17837363966142683 0.6443984608807184 0.16418561064087062 0.6445391192817443 0.16410852478839177 0.6454895254382216 0.17926058041112455 0.645598546387345
12 0.6620468561064087 0.5665617785378367 0.6512490931076178 0.5928580589995726 0.6355547158403869 0.593213766566909 0.6440925030229746 0.6136468576314665 0.6626744256348246 0.5699375801624627 0.7041701934703748 0.5706165027789655 0.7043585247883918 0.5679828986746474 0.6620468561064087 0.5665617785378367
12 0.7325374848851269 0.5683108165882856 0.7193984280532043 0.5987451902522445 0.7182209794437726 0.5951492090637025 0.7162995767835549 0.5939213339033775 0.7148119709794438 0.5933950406156477 0.7133246674727932 0.5934826849080804 0.7114032648125755 0.594798204360838 0.709915961305925 0.599096194955109 0.7076227327690446 0.5929563916203506 0.7065072551390569 0.5931321077383498 0.7149359129383313 0.6137430525865756 0.7327233978234584 0.570415562206071 0.7441272672309551 0.5702402736212057 0.7440033252720677 0.5687494655835829 0.7325374848851269 0.5683108165882856
0 0.38125 0.077734375 0.0203125 0.013671875
0 0.383203125 0.11171875 0.040625 0.0140625
0 0.15703125 0.241796875 0.009375 0.01640625
0 0.15703125 0.32578125 0.009375 0.044140625
0 0.133203125 0.3265625 0.009765625 0.01796875
0 0.452734375 0.144921875 0.03046875 0.0140625
0 0.5359375 0.11171875 0.01171875 0.01484375