12 0.246875 0.266796875 0.021875 0.02734375
7 0.291796875 0.17421875 0.03125 0.0171875
12 0.332421875 0.233203125 0.02109375 0.021875
2 0.3560927746900385 0.23192623941958884 0.341711415134673 0.25250665054413546 0.3512843095339889 0.2631191051995163 0.36440530141085936 0.2444570737605804 0.3560927746900385 0.23192623941958884
6 0.4645113296280462 0.46701451027811364 0.4294775545104746 0.4864522370012092 0.43367464728516464 0.500645707376058 0.46840829414279606 0.48184401451027814 0.4645113296280462 0.46701451027811364
4 0.15625 0.681640625 0.0375 0.0171875
12 0.582421875 0.6484375 0.0265625 0.04453125
12 0.6344168448054726 0.6230223700120919 0.6261607524583155 0.6473597339782345 0.6066981616075247 0.6473597339782345 0.6182749038050449 0.6765501813784763 0.6390795211628901 0.6267128174123338 0.6344168448054726 0.6230223700120919
0 0.1984375 0.44140625 0.01328125 0.0265625
0 0.160546875 0.4421875 0.0109375 0.0265625
0 0.27421875 0.225 0.025 0.01875
0 0.52578125 0.17734375 0.01875 0.01953125
0 0.5640625 0.223046875 0.00625 0.0171875
0 0.633984375 0.43984375 0.0125 0.0234375