4 0.101953125 0.1546875 0.021484375 0.0140625
4 0.278515625 0.694140625 0.022265625 0.015234375
7 0.5359375 0.111328125 0.020703125 0.012890625
8 0.441796875 0.73359375 0.0796875 0.033203125
9 0.413671875 0.734375 0.01640625 0.023828125
5 0.62265625 0.398046875 0.016015625 0.017578125
5 0.60546875 0.566015625 0.015234375 0.015625
8 0.65625 0.210546875 0.07890625 0.035546875
9 0.628125 0.209375 0.01640625 0.023828125
12 0.5029002418379686 0.11871740059854641 0.5128455259975816 0.12805686190679777 0.5118373639661427 0.12902992731936727 0.5116541717049576 0.13155921333903378 0.5124791414752117 0.13350534416417276 0.513395707376058 0.13480247969217615 0.5120665054413542 0.13571013253527148 0.5116998186215236 0.1374613082513895 0.5195368802902055 0.13130012825994014 0.5040918984280532 0.1184779820436084 0.5040462515114873 0.09959213339033776 0.5030837363966143 0.09979905942710562 0.5029002418379686 0.11871740059854641
12 0.5629761185006046 0.16057674219752033 0.563026299879081 0.1430551517742625 0.5545707376058041 0.13600384779820437 0.5527587666263604 0.13443651132962806 0.5536647521160821 0.1336532706284737 0.5542687424425635 0.1323710987601539 0.554369407496977 0.13073279179136382 0.5537654171704958 0.12902351432235998 0.5527587666263604 0.12788371098760157 0.5548222490931076 0.12638820008550664 0.5542182587666263 0.12517742625053443 0.5469232164449818 0.13124412141941003 0.5623721281741234 0.14419452757588716 0.5625952237001209 0.16317828131680207 0.5629567714631196 0.16332449764856777 0.5629761185006046 0.16057674219752033
12 0.5578243651753325 0.2666160752458316 0.5578243651753325 0.2503364685763147 0.5468718258766626 0.2587199657973493 0.570154776299879 0.27811885421120136 0.5699480048367593 0.3389888841385208 0.5707744860943168 0.3386374519025225 0.5707058645707376 0.2773189397178282 0.5578243651753325 0.2666160752458316
12 0.5077252116082225 0.5666126549807611 0.5167046553808948 0.573563488670372 0.5170882708585248 0.5850761008978196 0.524148730350665 0.5786682342881575 0.5088382708585248 0.566178281316802 0.5087614873035066 0.5475510902094912 0.5081091293833132 0.5470094057289441 0.5077252116082225 0.5666126549807611
12 0.46789842805320436 0.8045664814023088 0.4578258766626361 0.8288721675929885 0.44220405078597336 0.8290431808465157 0.4503119709794438 0.8489739204788371 0.46810247883917777 0.8056323215049167 0.5176435912938332 0.8056241983753741 0.5176490326481258 0.804779820436084 0.46789842805320436 0.8045664814023088
12 0.41347672309552597 0.8046613937580164 0.40392533252720675 0.8275857203933306 0.40105834340991536 0.8352744762719112 0.40064238210399034 0.8348490808037624 0.4000411124546554 0.8322317229585293 0.3988155985489722 0.8302355707567337 0.3971278718258767 0.8291560495938436 0.3948851269649335 0.829286874732792 0.3937986698911729 0.8297776827704147 0.3920646916565901 0.8317079948696025 0.39130169286577987 0.8355036340316374 0.3887584643288996 0.8292214621633176 0.38790296251511486 0.8292543822146217 0.39599637243047153 0.8489794784095768 0.41379776299879084 0.8055865754595983 0.4329183796856107 0.8054843950406158 0.43294286577992747 0.8047597263787944 0.41347672309552597 0.8046613937580164
12 0.34303113663845225 0.8046353142368534 0.3330341596130592 0.8289149209063703 0.3171937726723096 0.8290004275331337 0.3255383917775091 0.8490389055151775 0.3433104594921403 0.8056041043180848 0.38515719467956466 0.8054865327062848 0.3851886336154776 0.8047494655835828 0.34303113663845225 0.8046353142368534
1 0.4762563482466747 0.10458016246259086 0.4763019951632407 0.09132620778110304 0.5094489117291415 0.09149764856776402 0.5191435912938331 0.10492646430098333 0.5192110036275694 0.07711628901239846 0.5094489117291415 0.09025951261222745 0.47632557436517536 0.09035442496793503 0.47632557436517536 0.07702094912355709 0.45709915356711006 0.07690594271056009 0.45724516324062875 0.104387345019239 0.4762563482466747 0.10458016246259086
0 0.29765625 0.111328125 0.012890625 0.01328125
0 0.298046875 0.144921875 0.031640625 0.013671875
0 0.339453125 0.178515625 0.03125 0.01328125
0 0.393359375 0.1453125 0.01171875 0.013671875
0 0.430859375 0.2625 0.009765625 0.034765625
0 0.1453125 0.298046875 0.009375 0.005859375
0 0.12109375 0.4234375 0.009375 0.02734375
0 0.1453125 0.455859375 0.009765625 0.005859375
0 0.1453125 0.54375 0.009765625 0.017578125
0 0.430859375 0.409765625 0.009375 0.04375
0 0.4546875 0.34140625 0.009375 0.017578125
0 0.478515625 0.356640625 0.009375 0.01796875
0 0.50390625 0.649609375 0.004296875 0.012890625
0 0.50390625 0.68359375 0.004296875 0.013671875
0 0.63359375 0.2546875 0.009375 0.016015625
0 0.56328125 0.178515625 0.004296875 0.013671875