7 0.169140625 0.197265625 0.009375 0.020703125
4 0.17265625 0.700390625 0.028515625 0.013671875
4 0.415234375 0.70078125 0.02734375 0.013671875
2 0.4031085934159898 0.6314234724742891 0.39491834117144087 0.6393908045977011 0.40093287729799065 0.6497126436781608 0.4093792218896965 0.639572292800968 0.4031085934159898 0.6314234724742891
4 0.44296875 0.482421875 0.02265625 0.015234375
0 0.3046875 0.362890625 0.0171875 0.015625
0 0.273828125 0.398046875 0.015625 0.0140625
0 0.255078125 0.4328125 0.0140625 0.01796875
0 0.21015625 0.430859375 0.00625 0.01484375
0 0.133203125 0.558984375 0.010546875 0.019921875
0 0.157421875 0.602734375 0.010546875 0.016015625
0 0.180859375 0.615625 0.01015625 0.006640625
0 0.28125 0.66640625 0.01484375 0.0140625
0 0.454296875 0.58828125 0.0109375 0.0375
2 0.41180290722531004 0.4349376890502118 0.40533048311244124 0.4245644283121597 0.38958101752885854 0.4462262552934059 0.3971321077383498 0.4566001209921355 0.41180290722531004 0.4349376890502118