8 0.253515625 0.1078125 0.054296875 0.024609375
9 0.234375 0.1078125 0.011328125 0.016015625
8 0.123828125 0.291796875 0.053125 0.020703125
9 0.1046875 0.291796875 0.0109375 0.01640625
8 0.21640625 0.40859375 0.052734375 0.02109375
8 0.156640625 0.583203125 0.053515625 0.020703125
8 0.218359375 0.743359375 0.05390625 0.023046875
9 0.19921875 0.74375 0.011328125 0.01640625
5 0.309765625 0.743359375 0.00546875 0.008984375
5 0.35078125 0.674609375 0.005859375 0.009765625
2 0.441796875 0.707421875 0.00703125 0.015625
4 0.532421875 0.762890625 0.015234375 0.010546875
7 0.276953125 0.44453125 0.015234375 0.009765625
2 0.442578125 0.499609375 0.00859375 0.0171875
6 0.5550782385634887 0.29551482153660014 0.5612240273621206 0.29167574107683 0.5490547242411288 0.2694990925589837 0.5435160324925182 0.27376709013914097 0.5550782385634887 0.29551482153660014
6 0.6194326635314238 0.2729062310949788 0.6128460880718256 0.2760127041742287 0.6170034202650706 0.2910816696914701 0.6237575887131254 0.2872510586811857 0.6194326635314238 0.2729062310949788
5 0.66015625 0.180859375 0.005078125 0.00859375
5 0.716796875 0.65 0.00625 0.01015625
5 0.862890625 0.651171875 0.00625 0.008984375
8 0.77734375 0.490234375 0.053515625 0.0203125
9 0.758203125 0.491015625 0.01171875 0.016015625
5 0.334765625 0.307421875 0.00625 0.010546875
12 0.15064258230012828 0.21942347247428917 0.15949893116716546 0.22655837870538414 0.1593971782813168 0.23844948578342406 0.16718469431380933 0.23174712643678158 0.15772979905942713 0.22321355111917723 0.1581817015818726 0.19161222020568663 0.1513894826849081 0.19149667271627344 0.15150790936297565 0.18887840290381125 0.1508969645147499 0.18854990925589837 0.15064258230012828 0.21942347247428917
12 0.2070542967079949 0.2446315789473684 0.2140884993587003 0.24469509981851179 0.21452330055579308 0.21304355716878404 0.20724540401881147 0.21242891712038717 0.2070739632321505 0.20607320024198428 0.19820991876870458 0.19847186932849364 0.19780418982471143 0.18760072595281305 0.1902821718683198 0.19386206896551725 0.20623129542539548 0.2070314579552329 0.2064185549380077 0.24811675741076827 0.20701154339461308 0.24814761040532365 0.2070542967079949 0.2446315789473684
12 0.17792560923471573 0.5010369026013309 0.18487002992731938 0.5008306110102844 0.18541299700726807 0.46979310344827585 0.17802693458743052 0.46948578342407743 0.17764386489952974 0.46273442226255296 0.16901496365968366 0.45543012704174235 0.1689546814878153 0.44359709618874776 0.16111073108165885 0.4503466424682395 0.176884993587003 0.4633641863278887 0.17689995724668664 0.5045553539019964 0.17792133390337755 0.504535390199637 0.17792560923471573 0.5010369026013309
12 0.17771398033347585 0.6174500907441016 0.1557387772552373 0.6173290986085905 0.1507221034630184 0.6297428917120387 0.14239974348011972 0.6297428917120387 0.14721633176571186 0.6410834845735027 0.15619196237708427 0.6185003024803388 0.15645532278751606 0.6280217785843919 0.17516844805472426 0.6283442226255294 0.17516844805472426 0.6186061705989111 0.17759726378794358 0.6182897761645493 0.17759982898674648 0.6184186327888688 0.17771398033347585 0.6174500907441016
12 0.17458016246259087 0.7030502117362372 0.1745331338178709 0.6960393224440412 0.16549807610089784 0.6886944948578343 0.16546943138093204 0.6775662431941925 0.1579448482257375 0.6836200846944948 0.17370671227020096 0.697340592861464 0.1738777255237281 0.7330592861464005 0.17477939290295003 0.7328088324258923 0.1748294142796067 0.7292123411978221 0.18101111586147928 0.7295650332728373 0.18116075245831553 0.7030502117362372 0.17458016246259087 0.7030502117362372
12 0.8033787943565628 0.5293157894736842 0.803352287302266 0.5256279491833031 0.8024972210346302 0.5253049001814881 0.8020983326207782 0.5557882637628554 0.8113044035912784 0.5635329703569268 0.81136169303121 0.5751554748941319 0.8193086789226166 0.5687017543859649 0.8095908507909364 0.5604198427102238 0.8096866182129115 0.5518348457350272 0.8101646002565198 0.5293835450695705 0.8033787943565628 0.5293157894736842
11 0.8806579734929457 0.16909679370840897 0.8757498931167167 0.15798548094373865 0.8711641727233861 0.16904839685420447 0.8806579734929457 0.16909679370840897
11 0.7123890551517744 0.21989413188142773 0.712270200940573 0.206513611615245 0.7041487815305686 0.21315486993345437 0.7123890551517744 0.21989413188142773
11 0.712760581445062 0.2862813067150635 0.7126977340743909 0.27372474289171206 0.7045207353569902 0.2802280701754386 0.712760581445062 0.2862813067150635
11 0.6210649850363403 0.29869993950393225 0.6300466011115862 0.29882093163944345 0.6262830269345875 0.287480943738657 0.6210649850363403 0.29869993950393225
11 0.6340953398888414 0.2872389594676346 0.6302693458743053 0.2986491228070175 0.6387999144933734 0.29873986690865095 0.6340953398888414 0.2872389594676346
11 0.5785147498931168 0.3139879007864489 0.5735784523300556 0.30264186327888687 0.5688208636169303 0.31382637628554144 0.5785147498931168 0.3139879007864489
11 0.637758016246259 0.16808287961282517 0.633946130825139 0.17941137326073806 0.6424912355707568 0.1797459165154265 0.637758016246259 0.16808287961282517
11 0.625469431380932 0.17958439201451906 0.6336896109448483 0.17965335753176043 0.6298315519452757 0.16828493647912884 0.625469431380932 0.17958439201451906
11 0.6548037622915777 0.17349243799153055 0.649807610089782 0.16210949788263762 0.6452522445489526 0.17349243799153055 0.6548037622915777 0.17349243799153055
11 0.6400521590423259 0.15669388989715666 0.6353142368533562 0.14559407138535996 0.6307002992731937 0.156653962492438 0.6400521590423259 0.15669388989715666
11 0.5109965797349295 0.10755474894131882 0.5062847370671227 0.09689473684210527 0.5017015818725952 0.10767574107683 0.5109965797349295 0.10755474894131882
11 0.22770671227020095 0.08532667876588021 0.22299401453612658 0.07434906231094979 0.21896365968362547 0.08485783424077435 0.22770671227020095 0.08532667876588021
11 0.219253527148354 0.08548033877797943 0.21506840530141086 0.07457229280096794 0.21030312099187692 0.08542226255293406 0.219253527148354 0.08548033877797943
11 0.3181650277896537 0.31999879007864485 0.31312526720820866 0.30899395039322447 0.3085562206070971 0.3201197822141561 0.3181650277896537 0.31999879007864485
11 0.2031171440786661 0.39562129461585 0.19812013681060286 0.3848905021173624 0.19319923044035914 0.39553539019963707 0.2031171440786661 0.39562129461585
11 0.18802992731936727 0.3810532365396249 0.18302052159042326 0.3695922565033273 0.17792945703292007 0.38109618874773143 0.18802992731936727 0.3810532365396249
10 0.1966028217186832 0.4123944343617665 0.19189824711415138 0.41251542649727774 0.19186960239418557 0.4138070175438597 0.2022197520307824 0.41372655777374473 0.2021911073108166 0.41255595886267393 0.19714450619923046 0.412475499092559 0.1971355280034203 0.40383121597096194 0.196631466438649 0.4040411373260738 0.1966028217186832 0.4123944343617665
11 0.17288926891834117 0.5059830611010284 0.17272338606241985 0.49284150030248036 0.16464899529713553 0.49879975801572896 0.17288926891834117 0.5059830611010284
11 0.10052159042325781 0.5263321234119782 0.09581017528858488 0.5149830611010284 0.0911697306541257 0.5262921960072595 0.10052159042325781 0.5263321234119782
12 0.24994399315946988 0.45736055656382335 0.25672424112868747 0.46233030852994556 0.25658187259512616 0.4630568663036903 0.25601154339461313 0.46378342407743495 0.2558691748610517 0.46519600725952814 0.25598332620778114 0.4665275257108288 0.25681017528858485 0.46697156684815483 0.25689568191534845 0.46777858439201453 0.25598332620778114 0.4681820931639443 0.25601154339461313 0.46991712038717487 0.26179948696023947 0.4653321234119782 0.25056562633604107 0.4562921960072595 0.25057716973065414 0.44371869328493646 0.24990979050876444 0.443373260738052 0.24994399315946988 0.45736055656382335
12 0.3040551517742625 0.4734071385359952 0.2974403591278324 0.4675958862673927 0.29823856348867045 0.46651361161524507 0.29849508336896113 0.4651820931639444 0.29829585292860206 0.4640520266182698 0.2974972210346302 0.4627604355716878 0.2980389055151775 0.4623169993950394 0.2980782385634887 0.46092498487598305 0.2928721675929885 0.4654761040532366 0.3034373663958957 0.47381972171808834 0.3034087216759299 0.486637628554144 0.3041406584010261 0.4870471869328494 0.3040551517742625 0.4734071385359952
1 0.32567293715262935 0.4991736237144586 0.2996451474989312 0.49898729582577134 0.29339290294997866 0.4893466424682396 0.2932283026934588 0.5097918935269208 0.2997764001710133 0.5001512401693889 0.32556819153484395 0.5003375680580763 0.32556391620350583 0.5091978221415607 0.33898717400598544 0.5094301270417423 0.3388862761864045 0.49029764065335757 0.3257716973065413 0.49018451300665455 0.32567293715262935 0.4991736237144586
11 0.3720038477982044 0.5900078644888083 0.37203933304831127 0.5775964912280702 0.36382086361693033 0.5841966122202057 0.3720038477982044 0.5900078644888083
10 0.13671611799914493 0.5866618269812462 0.1320684053014109 0.5866618269812462 0.1320115433946131 0.5874289171203871 0.14244719965797353 0.5874289171203871 0.14238991021804193 0.5867023593466424 0.13731466438648995 0.5866212946158499 0.13736639589568195 0.5781409558378706 0.1367729799059427 0.5781869328493648 0.13671611799914493 0.5866618269812462
11 0.6161077383497222 0.5004367816091955 0.6161179991449337 0.48800181488203265 0.6081239846088072 0.4944234724742892 0.6161077383497222 0.5004367816091955
11 0.8169816160752459 0.4457320024198427 0.8123557075673364 0.4347652752571083 0.8077434801197093 0.4457719298245614 0.8169816160752459 0.4457320024198427
0 0.20625 0.084765625 0.0046875 0.010546875
0 0.221875 0.19375 0.007421875 0.013671875
0 0.181640625 0.291796875 0.009375 0.0109375
0 0.17421875 0.37734375 0.002734375 0.01015625
0 0.1734375 0.651953125 0.003515625 0.011328125
0 0.140625 0.1609375 0.00703125 0.005078125
0 0.237890625 0.58828125 0.008984375 0.0125
0 0.23828125 0.545703125 0.0078125 0.013671875
0 0.283984375 0.46796875 0.008203125 0.01015625
0 0.31953125 0.580078125 0.0078125 0.01328125
0 0.3359375 0.557421875 0.00703125 0.013671875
0 0.353515625 0.530078125 0.006640625 0.005078125
0 0.36796875 0.5703125 0.007421875 0.0109375
0 0.384375 0.56171875 0.006640625 0.01171875
0 0.353515625 0.573046875 0.006640625 0.03125
0 0.40078125 0.6046875 0.00703125 0.016796875
0 0.400390625 0.57421875 0.006640625 0.00546875
12 0.32420179563916207 0.8430949788263762 0.3137759726378795 0.8431760435571688 0.3192483967507482 0.8569219600725952 0.3272005130397606 0.8388995765275258 0.356640872167593 0.8401094978826377 0.3560991876870458 0.8271167574107683 0.3601748610517315 0.8271167574107683 0.36011115861479265 0.8262450090744101 0.33081445061992304 0.8263629764065336 0.32420179563916207 0.8430949788263762
0 0.398828125 0.284375 0.007421875 0.00546875
0 0.872265625 0.545703125 0.0078125 0.014453125
0 0.872265625 0.58828125 0.008203125 0.012890625
0 0.72578125 0.62421875 0.00703125 0.00703125
0 0.71015625 0.600390625 0.0078125 0.017578125
0 0.726171875 0.598046875 0.0078125 0.0125
0 0.709765625 0.569921875 0.00703125 0.00546875
0 0.726171875 0.5609375 0.00703125 0.012109375
0 0.742578125 0.5609375 0.00703125 0.014453125
0 0.75859375 0.555078125 0.00703125 0.01328125
0 0.559375 0.697265625 0.008203125 0.010546875
0 0.542578125 0.698046875 0.009375 0.010546875
0 0.558984375 0.720703125 0.009375 0.01171875
0 0.44375 0.467578125 0.018359375 0.01015625
0 0.458203125 0.444140625 0.00859375 0.009375
0 0.51015625 0.444140625 0.012890625 0.01015625
0 0.490625 0.421484375 0.009375 0.009375
0 0.555859375 0.421875 0.00859375 0.009765625
0 0.555859375 0.398828125 0.022265625 0.009765625
0 0.546875 0.37578125 0.023046875 0.01015625
0 0.453515625 0.398828125 0.008984375 0.010546875
0 0.555859375 0.355078125 0.014453125 0.010546875
0 0.5921875 0.172265625 0.00859375 0.01015625
0 0.5890625 0.148828125 0.008203125 0.009765625
0 0.620703125 0.171875 0.003515625 0.009375
0 0.6234375 0.148828125 0.0125 0.009765625
0 0.587890625 0.125 0.009375 0.009765625
0 0.519140625 0.103125 0.014453125 0.01015625
0 0.516796875 0.14765625 0.00859375 0.009375
0 0.475390625 0.124609375 0.009375 0.01015625
0 0.47578125 0.147265625 0.021875 0.010546875
0 0.708203125 0.225 0.007421875 0.005078125
0 0.708203125 0.260546875 0.00703125 0.005078125
0 0.6125 0.50859375 0.006640625 0.003515625
0 0.0921875 0.654296875 0.006640625 0.00234375
0 0.803515625 0.467578125 0.00390625 0.009375
0 0.823828125 0.444921875 0.00859375 0.0109375