8 0.346875 0.145703125 0.076953125 0.03046875
9 0.31875 0.144921875 0.016796875 0.023828125
7 0.446484375 0.07734375 0.022265625 0.014453125
5 0.52734375 0.374609375 0.015234375 0.014453125
5 0.527734375 0.458203125 0.01640625 0.015234375
2 0.14280894800483673 0.1978294142796067 0.13673065296251513 0.2061115861479265 0.14503929866989118 0.21940017101325354 0.15155471584038696 0.20969645147498933 0.14280894800483673 0.1978294142796067
6 0.4077902055622733 0.6277815305686192 0.39091233373639656 0.6556280461735785 0.39737484885126967 0.6636096622488243 0.4146919588875453 0.6354082941427961 0.4077902055622733 0.6277815305686192
8 0.34609375 0.784375 0.07734375 0.030859375
9 0.31875 0.784765625 0.016796875 0.0234375
4 0.2546875 0.74375 0.02265625 0.015625
12 0.40979625151148735 0.7459072253099616 0.4226242442563482 0.7564467721248398 0.42243077388149947 0.7732120564343737 0.43384038694074967 0.7642825994014537 0.4108920798065296 0.7448747327917914 0.4105746674727932 0.6925468148781532 0.40979625151148735 0.6925421120136812 0.40979625151148735 0.7459072253099616
12 0.40513422007255134 0.08830696879008124 0.4186475211608222 0.0994493373236426 0.42030985489721884 0.10088969645147498 0.42143591293833127 0.10179905942710561 0.4198273881499396 0.10270884993587004 0.4184866989117292 0.10414878153056864 0.41816505441354296 0.10695339888841386 0.41837938331318014 0.10877255237280892 0.41913029020556225 0.11097092774690039 0.42138240628778717 0.11210773834972212 0.418325876662636 0.11445746045318514 0.41821856106408706 0.11589781958101752 0.4290507859733978 0.10695339888841386 0.4059386336154776 0.08800384779820437 0.4059041717049577 0.07609619495510903 0.40513422007255134 0.0757246686618213 0.40513422007255134 0.08830696879008124
12 0.4875087666263604 0.12599529713552798 0.47336426844014506 0.11453655408294143 0.47186305925030225 0.11269773407439079 0.47369770253929866 0.11128302693458744 0.4744316807738815 0.10883112441214196 0.4744316807738815 0.10600171013253527 0.4733307134220072 0.10383240701154342 0.4723966142684402 0.10279521162890123 0.4712623941958888 0.10270072680632751 0.47446493349455865 0.09987174005985464 0.47426481257557435 0.09883411714407868 0.4637200725513906 0.1075280034202651 0.46560157194679563 0.10944890979050877 0.4647131197097944 0.10878409576742198 0.4864634220072551 0.12652372808892692 0.48641898428053204 0.1466934587430526 0.4873422007255138 0.14697434801197096 0.4875087666263604 0.12599529713552798
12 0.5429081015719468 0.586948696023942 0.5329440749697703 0.6112676357417701 0.5170386940749697 0.6110927746900385 0.5255175332527207 0.6317379221889696 0.5435888754534461 0.588610517315092 0.5851874244256348 0.5886075245831552 0.5857345828295042 0.5873860624198376 0.5429081015719468 0.586948696023942
12 0.613584038694075 0.5865275758871313 0.6010199516324063 0.6180444634459171 0.600430169286578 0.6155429670799488 0.5988966142684402 0.6130418982471142 0.5970680169286579 0.6113740914920907 0.5938827085852478 0.6120414707139804 0.591759068923821 0.6141256947413425 0.5914640266021766 0.6184613082513895 0.5884558645707376 0.6111239846088072 0.5876889359129384 0.6114574604531853 0.596006045949214 0.6321355280034203 0.613996977025393 0.5885288584865328 0.6252240024183797 0.5884100042753314 0.6253225513905682 0.5867776827704148 0.613584038694075 0.5865275758871313
12 0.6660453446191051 0.5867567336468577 0.6560380894800484 0.6113086789226166 0.6398119709794438 0.6110055579307396 0.6483896614268441 0.6323244976485679 0.6661166868198307 0.5886763574177 0.715924123337364 0.588648140230868 0.7158669891172915 0.5868576314664387 0.6660453446191051 0.5867567336468577
1 0.5230746674727932 0.1572030782385635 0.4734561668681983 0.15697990594271055 0.46369014510278117 0.14349850363403166 0.46384764207980644 0.1728011970927747 0.4735311366384522 0.15909705002137667 0.5230707376058041 0.15909705002137667 0.5232282345828294 0.17190979050876445 0.5426819830713422 0.17190979050876445 0.5425359733978234 0.14425096194955112 0.5231532648125755 0.1443899102180419 0.5230746674727932 0.1572030782385635
12 0.4100432285368803 0.24080290722531 0.42289419588875454 0.25140145361265503 0.42289419588875454 0.2680307823856349 0.43395193470374843 0.2591594698589141 0.41060761789600964 0.23999358700299278 0.41058615477629984 0.1877866609662249 0.41014298669891175 0.18779478409576744 0.4100432285368803 0.24080290722531
0 0.109375 0.323046875 0.010546875 0.025
0 0.219921875 0.138671875 0.0125 0.013671875
0 0.220703125 0.172265625 0.03125 0.013671875
0 0.272265625 0.17265625 0.01171875 0.013671875
0 0.0859375 0.453515625 0.009375 0.027734375
0 0.109375 0.585546875 0.009765625 0.024609375
0 0.34765625 0.592578125 0.009765625 0.00703125
0 0.323828125 0.42890625 0.01015625 0.02734375
0 0.347265625 0.4546875 0.009375 0.017578125
0 0.371484375 0.454296875 0.01015625 0.019140625
0 0.371484375 0.34140625 0.01015625 0.01875
0 0.34765625 0.316015625 0.009765625 0.005859375
0 0.34765625 0.271484375 0.009765625 0.015625
0 0.3953125 0.26640625 0.009765625 0.015625
0 0.44921875 0.1109375 0.011328125 0.013671875
0 0.485546875 0.7109375 0.01796875 0.0140625
0 0.44921875 0.784375 0.011328125 0.01328125