4 0.428125 0.27578125 0.03046875 0.0109375
6 0.4344584685645379 0.3790160716183888 0.42616300788078876 0.3899938868256602 0.4293972451994321 0.3948509508852577 0.43717715581468947 0.38337554960739 0.4344584685645379 0.3790160716183888
2 0.25162970357155123 0.4630986562993392 0.24634424506849126 0.46889967795702303 0.24998645620991092 0.473852147530838 0.2542119474853192 0.4670929404501461 0.25162970357155123 0.4630986562993392
4 0.209375 0.5375 0.03359375 0.009375
5 0.676171875 0.287890625 0.00546875 0.00703125
4 0.678125 0.308984375 0.0296875 0.0109375
2 0.6159634414269711 0.36166057062097917 0.6113227076127621 0.35472846239513506 0.6079584770977506 0.358911014278467 0.6128668537541182 0.36591854260862394 0.6159634414269711 0.36166057062097917
8 0.709375 0.351171875 0.0296875 0.0125
9 0.69921875 0.3515625 0.00625 0.00859375
2 0.6527910524842327 0.4695785041076073 0.6465925060069274 0.4762954104504069 0.6505340528125931 0.4817368545622081 0.6558160986533222 0.47424506843349395 0.6527910524842327 0.4695785041076073
6 0.670700132215756 0.5669554684128741 0.667467402387534 0.5699001025749773 0.6704480443082544 0.5755182738754343 0.6733337349362926 0.5728578318902786 0.670700132215756 0.5669554684128741
6 0.8660163080792833 0.42472646130622715 0.8597659142197086 0.4309841098898343 0.8624929868204869 0.4362840225589208 0.8684991126751292 0.43020412105389505 0.8660163080792833 0.42472646130622715
8 0.8921875 0.345703125 0.0234375 0.01171875
8 0.8953125 0.33515625 0.03046875 0.01171875
10 0.884765625 0.33515625 0.00625 0.00703125
12 0.6676117076935058 0.5995788462239163 0.6736639723677686 0.5861032184687961 0.6730159707768717 0.5856486719746389 0.6706886282724633 0.5915726808072878 0.6704002951603202 0.5868522985664484 0.6642635243623662 0.5871884164180351 0.6647317956857934 0.5930402854679302 0.6676117076935058 0.5995788462239163
12 0.6809327724454122 0.5886476345447228 0.674968111702099 0.6020038540285129 0.6756638288224155 0.6029828923580646 0.6783356729852263 0.5969445641076161 0.6783978590544127 0.6015394568464864 0.684305654970882 0.6012398562536936 0.6840349008848118 0.5955123722836337 0.6809327724454122 0.5886476345447228
12 0.22920501262852538 0.5507091476774522 0.2402242150818938 0.5499745033728869 0.24017931683936572 0.5492886092795681 0.23602030549862052 0.5490545620327284 0.23853985364833705 0.5468418489574819 0.23439609251095436 0.5391933956872001 0.23123378281459045 0.5439339701071889 0.22920501262852538 0.5507091476774522
12 0.6824291294709712 0.4749702207191816 0.6853492104005808 0.46776736545150344 0.6904253661068512 0.46773503267530925 0.6876715430639913 0.46051356241881114 0.6817040755854229 0.4740305796576868 0.6824291294709712 0.4749702207191816
12 0.6885275770344765 0.3749217540117772 0.6944002241024924 0.36108017880877885 0.6935651145110604 0.36093378014667843 0.6911389728687246 0.3666141896266943 0.6909879205538186 0.3619415551574464 0.6855002490495682 0.3617139457250752 0.6854889864298743 0.3676995459281264 0.6885275770344765 0.3749217540117772
12 0.874900052857992 0.37673876600996886 0.8687926516363434 0.3721586863647221 0.8689713174399385 0.36400518179990476 0.862751790665491 0.36918037472095444 0.8737080746786494 0.37937495471126975 0.874900052857992 0.37673876600996886
12 0.6378296019861844 0.2845153232744141 0.6514827723792279 0.2827539402810311 0.6510194201623816 0.28007434519175106 0.6442353206385133 0.28148518176302023 0.6479293743135799 0.2798420255704706 0.6445284046158598 0.2721660237427793 0.6409465197784928 0.27649594821032386 0.6378296019861844 0.2845153232744141
12 0.40288881324879694 0.25771083776871606 0.3959790161846064 0.259978135847051 0.39237001248446296 0.2544215588931153 0.39020042671909266 0.26441363220300623 0.403826339003163 0.25951042435819716 0.40288881324879694 0.25771083776871606
1 0.5962011149692409 0.4592579836356501 0.5873883297984835 0.45930612136236293 0.591227727955439 0.46481834490504825 0.5911346329285376 0.47666798079431316 0.5877422467341122 0.47660876647302786 0.5875846072366556 0.4870362612416822 0.5950009135658696 0.4871808305256403 0.5951552807885899 0.4766958333724925 0.5917335578289324 0.47667601631926404 0.5919397895603815 0.46486100833750366 0.5962011149692409 0.4592579836356501
0 0.224609375 0.162890625 0.02109375 0.0078125
0 0.261328125 0.148828125 0.01328125 0.00625
0 0.29375 0.164453125 0.02421875 0.00703125
0 0.285546875 0.178125 0.00703125 0.00703125
0 0.3328125 0.15 0.02421875 0.00703125
0 0.368359375 0.165625 0.02421875 0.00703125
0 0.455078125 0.133984375 0.01171875 0.00703125
0 0.455078125 0.152734375 0.0109375 0.00625
0 0.45546875 0.1671875 0.02421875 0.0078125
0 0.542578125 0.169140625 0.02421875 0.0078125
0 0.53125 0.18359375 0.00703125 0.00703125
0 0.578515625 0.1546875 0.025 0.00703125
0 0.616796875 0.169921875 0.02421875 0.00703125
0 0.648828125 0.15625 0.0140625 0.00625
0 0.6609375 0.170703125 0.00703125 0.0078125
0 0.6859375 0.19453125 0.00625 0.0296875
0 0.697265625 0.194921875 0.00546875 0.02890625
0 0.707421875 0.233984375 0.00546875 0.0109375
4 0.6984375 0.2703125 0.0125 0.00625
0 0.576171875 0.290234375 0.025 0.00703125
0 0.446484375 0.623046875 0.02578125 0.0078125
0 0.2125 0.61875 0.03125 0.00703125
0 0.21796875 0.566015625 0.00625 0.03359375
0 0.67265625 0.6265625 0.01328125 0.00625
0 0.649609375 0.5546875 0.00625 0.00625
0 0.2234375 0.444921875 0.0046875 0.01015625
0 0.214453125 0.431640625 0.0046875 0.009375
0 0.329296875 0.325 0.0109375 0.00703125
0 0.45234375 0.32734375 0.0109375 0.00703125
0 0.426953125 0.302734375 0.03203125 0.00625
0 0.67890625 0.453515625 0.00546875 0.0109375
0 0.690625 0.4171875 0.0046875 0.034375
0 0.61875 0.359375 0.0046875 0.00859375
0 0.575 0.329296875 0.0109375 0.0078125
0 0.26484375 0.266796875 0.028125 0.009375
0 0.330859375 0.267578125 0.02734375 0.0078125
0 0.87265625 0.349609375 0.00703125 0.00703125
0 0.848828125 0.349609375 0.00703125 0.00703125
0 0.87421875 0.4546875 0.00546875 0.01015625