7 0.174609375 0.19140625 0.009375 0.02109375
4 0.169140625 0.69453125 0.02890625 0.0140625
4 0.41171875 0.69921875 0.02734375 0.0140625
2 0.40695715149178824 0.6379694846134968 0.4008296945894962 0.6297124678348832 0.3925016406415958 0.6375356468840263 0.3983351197943491 0.6479608820274115 0.40695715149178824 0.6379694846134968
4 0.443359375 0.48125 0.02265625 0.015625
0 0.30703125 0.359375 0.0171875 0.015625
0 0.27578125 0.394140625 0.015625 0.0140625
0 0.25625 0.428515625 0.0140625 0.01796875
0 0.211328125 0.42578125 0.00625 0.01484375
0 0.132421875 0.552734375 0.0109375 0.0203125
0 0.155859375 0.596875 0.0109375 0.01640625
0 0.17890625 0.61015625 0.01015625 0.00703125
0 0.278515625 0.6625 0.01484375 0.0140625
0 0.452734375 0.5875 0.01171875 0.0375
2 0.39790520734436724 0.45481143873882346 0.41295183396417645 0.4334083468456151 0.4066614339953304 0.42292370662916523 0.39053631612298945 0.4443073683347062 0.39790520734436724 0.45481143873882346