6 0.3468872771229979 0.4248178708849936 0.34206799637352675 0.41841513467293723 0.3360640676941674 0.426875587858059 0.3411864611665156 0.43345874305258664 0.3468872771229979 0.4248178708849936
6 0.3366025989724992 0.4472941427960667 0.33385645210033243 0.4388336896109449 0.32645240253853125 0.44321633176571185 0.3291045633121789 0.45259811885421125 0.3366025989724992 0.4472941427960667
6 0.3678210939860985 0.5132330055579308 0.3613659715926262 0.5098110303548526 0.3588757932910245 0.5200431808465157 0.3652825627077667 0.5234313809320222 0.3678210939860985 0.5132330055579308
6 0.36858265336959806 0.5412308678922617 0.3630462375339982 0.5347631466438649 0.35811423390752495 0.5428050448909791 0.3635237231792082 0.5496451474989311 0.36858265336959806 0.5412308678922617
2 0.5153321245089151 0.5828653270628473 0.5096113629495316 0.5893719538264215 0.5183284980356603 0.6026861906797778 0.5239885161680266 0.5951098760153912 0.5153321245089151 0.5828653270628473
7 0.61875 0.20625 0.02109375 0.0125
0 0.3796875 0.14140625 0.01875 0.0109375
0 0.37890625 0.173828125 0.0125 0.0109375
0 0.348046875 0.20625 0.0234375 0.0109375
0 0.287109375 0.173828125 0.0125 0.0109375
0 0.3421875 0.2390625 0.0109375 0.01171875
0 0.21171875 0.364453125 0.0078125 0.0171875
0 0.188671875 0.355078125 0.0078125 0.03359375
0 0.166015625 0.3453125 0.0078125 0.0171875
0 0.14296875 0.410546875 0.0078125 0.0171875
0 0.119921875 0.44296875 0.0078125 0.0171875
0 0.188671875 0.597265625 0.0078125 0.0328125
0 0.21171875 0.55625 0.00859375 0.01484375
0 0.31015625 0.629296875 0.0125 0.0109375
0 0.31015625 0.662109375 0.02421875 0.0109375
0 0.612890625 0.2390625 0.0109375 0.0109375
12 0.5673145965548504 0.6258392475416845 0.5673387730432154 0.6468854211201369 0.5763865216077365 0.6670384779820437 0.5926914475672408 0.6274459170585721 0.5920211544273195 0.6266524155622062 0.5841982472045936 0.6457169730654126 0.5845388334844364 0.6407550235143225 0.5845874886672711 0.6351098760153913 0.585071320640677 0.6259063702436939 0.5673145965548504 0.6258392475416845