5 0.40078125 0.247265625 0.00859375 0.01484375
5 0.426953125 0.415625 0.00859375 0.01484375
2 0.7133271977293778 0.4813950852993469 0.7316456578701511 0.4553480309327032 0.7254145881773089 0.44597309287009973 0.7060936652761254 0.4718358189110175 0.7133271977293778 0.4813950852993469
8 0.748828125 0.342578125 0.078125 0.03203125
12 0.5604577530735074 0.5603435400194098 0.5475550428205681 0.5932423958392683 0.5103777747687406 0.5939409288650228 0.510365380495823 0.5944953125516599 0.547976309970741 0.59440879981505 0.5552084723446211 0.5757252251043944 0.5671505148463092 0.5756950844511983 0.5604577530735074 0.5603435400194098
12 0.6748867085015429 0.3991231218232807 0.6644060810965444 0.40765149707805326 0.6875689312048818 0.4264283907323702 0.6887701719318067 0.47894813148661397 0.6892413142500288 0.4790746011184767 0.6897132248553081 0.47931437087850143 0.6887036817514617 0.42592924593944687 0.675416926868045 0.4153305308037808 0.6748867085015429 0.3991231218232807
1 0.48744071252449483 0.5618750437567805 0.4667739325370991 0.56212973937506 0.4768263434997073 0.5759401577477913 0.47774337503920083 0.6293948856054057 0.46876049979562284 0.6296577266442822 0.46912140755595066 0.6567603014065585 0.4884133551948414 0.6562067668905642 0.4879468153920972 0.6293228282598125 0.47905456016578307 0.6294250209680172 0.47787362619818696 0.5758688551761623 0.48744071252449483 0.5618750437567805
10 0.7280977750339263 0.35007625950684274 0.7281416049279983 0.34910570160154836 0.7208436587853321 0.34917621715685054 0.7205751968291357 0.3363422654481335 0.7202823961749456 0.33666379901430027 0.7204414477690488 0.3492401083447153 0.7132239005039256 0.3493092205323898 0.7131406733417965 0.350309115202916 0.7280977750339263 0.35007625950684274
0 0.12734375 0.140234375 0.0109375 0.01953125
0 0.227734375 0.25078125 0.03125 0.01640625
0 0.175390625 0.285546875 0.0125 0.0140625
0 0.2703125 0.28359375 0.03203125 0.0140625
0 0.27109375 0.350390625 0.0140625 0.0140625
0 0.271875 0.383984375 0.03203125 0.01484375
0 0.230859375 0.418359375 0.03203125 0.01484375
0 0.177734375 0.3859375 0.01328125 0.01328125
0 0.133984375 0.52578125 0.0109375 0.0203125
0 0.5625 0.55234375 0.0109375 0.00859375
0 0.5390625 0.5109375 0.0109375 0.0203125
0 0.628515625 0.378125 0.0140625 0.015625
0 0.658984375 0.4109375 0.00625 0.01484375