5 0.18359375 0.27109375 0.01171875 0.0109375
8 0.276953125 0.09375 0.05625 0.025
9 0.2578125 0.09375 0.01171875 0.0171875
2 0.3168298652495657 0.16761597821247004 0.30741019186039215 0.152409665281511 0.3018458173512266 0.1574950088523465 0.31245155588442497 0.17368650042137582 0.3168298652495657 0.16761597821247004
2 0.31409647879650293 0.49075503502927253 0.30166526432676083 0.47144354305748043 0.29586861991841895 0.47772181029460137 0.30943269554372976 0.49698777023345675 0.31409647879650293 0.49075503502927253
5 0.381640625 0.476953125 0.01015625 0.0109375
5 0.23671875 0.557421875 0.0109375 0.01015625
6 0.6289916486122727 0.48332938908581563 0.6222153028953431 0.5084501389825143 0.6276433656711775 0.5116027884215584 0.6347256401773107 0.48627483104485386 0.6289916486122727 0.48332938908581563
7 0.69140625 0.562890625 0.0078125 0.02265625
8 0.7671875 0.496484375 0.05546875 0.0234375
12 0.32608845556446464 0.13970045753664206 0.3154694227622048 0.13054184862355328 0.31550798473908975 0.1300596791413593 0.3201044587793309 0.1301695405580626 0.3201783935161276 0.12021375230908986 0.3157741905220291 0.1201368766598708 0.3158000746918096 0.11731888227807072 0.3153101800082171 0.1172132788681453 0.31505300492910665 0.13091795159275552 0.32093328329537013 0.13597963046940081 0.32090115359502613 0.14394461173367473 0.32608845556446464 0.13970045753664206
12 0.6701244309434775 0.16886211718513094 0.6746528115828913 0.16910049539249786 0.6749748921381405 0.1592714876660762 0.6701978318958351 0.1592676201122693 0.6702857061764236 0.15428230012474073 0.6644239196003863 0.1491901049855681 0.664512745413375 0.14145559207901498 0.6593425375621658 0.145320603551093 0.6698855906690195 0.15475332117043922 0.6696383236400988 0.17198137575204372 0.6700852937045771 0.17188819491150661 0.6701244309434775 0.16886211718513094
12 0.7149325179984466 0.5280836619807652 0.7214145998164226 0.5132193143868541 0.7218587866967048 0.5132488364303437 0.7217112621464182 0.5192508034701123 0.7288798350582335 0.5194164454059477 0.7289881317773805 0.5132121305212818 0.7309738630434259 0.5132141384904797 0.7309342628630551 0.5124451924101823 0.7212476628292194 0.5121636403922794 0.717631467247366 0.5206027212825054 0.7118337055136952 0.520539011570132 0.7149325179984466 0.5280836619807652
12 0.6901775200080689 0.5178713540517544 0.6892509830780768 0.517855181289483 0.688477581713712 0.5181787945310791 0.6881342717645156 0.5196334235260014 0.6874252801706964 0.5177858229315688 0.6867878863569177 0.5178871689665431 0.6897557006170414 0.5253548539479165 0.6963766943868687 0.5101140946542644 0.7056997667202107 0.510301621654918 0.7057387928819118 0.5092661716534796 0.6960482676393732 0.5092094946915612 0.6914517957625632 0.5192045580731659 0.6909639157205808 0.5183343630944717 0.6901775200080689 0.5178713540517544
12 0.6790941688757675 0.5452225964895423 0.679583348202814 0.5457856331421143 0.680062049707403 0.5459200661512452 0.6806305456214606 0.5460055751616071 0.6812713097562304 0.5460418542524371 0.6817253124863014 0.545545772269928 0.6820722187770445 0.5450732177668798 0.6823031044710728 0.5440943291436338 0.6829481261595673 0.5459199514370889 0.6836602721776004 0.5459577788468349 0.6806314773335015 0.5384070943544474 0.6740582040282341 0.5535963811848358 0.6645566725347807 0.5535644695102235 0.6645553144156591 0.554230206211165 0.6743648505030678 0.5544014323004864 0.6787920332254515 0.5441591204103612 0.6789293179914555 0.5444638602339475 0.6790941688757675 0.5452225964895423
10 0.7525853063063188 0.4999620245899095 0.7526356432360033 0.49918497337541706 0.7474472501620568 0.4990944096374381 0.7475522742973113 0.4902236702230119 0.747088669403847 0.4902164850000227 0.7468789314315265 0.49908448959709684 0.7418194462174854 0.4989701744124013 0.7418063199819304 0.49972217594370394 0.7525853063063188 0.4999620245899095
1 0.6596703503806836 0.1316111169426289 0.6665970238677104 0.12208121766817777 0.6880339246407655 0.12240521114052352 0.6878920334604841 0.13193048542246633 0.7015492091819683 0.13216887231142094 0.701877447368779 0.11244547838863386 0.6881503498586079 0.11237911384102195 0.6879149454903718 0.1217866559367097 0.6665392404691006 0.12131286122915261 0.6599791387726547 0.11188738352241008 0.6596703503806836 0.1316111169426289
0 0.1265625 0.341015625 0.00390625 0.0109375
0 0.08125 0.268359375 0.0078125 0.0328125
0 0.09921875 0.2296875 0.0078125 0.025
0 0.08203125 0.221875 0.0078125 0.0140625
0 0.284375 0.251953125 0.00703125 0.0125
0 0.49296875 0.121484375 0.025 0.0109375
4 0.5390625 0.176953125 0.01484375 0.009375
0 0.646875 0.14765625 0.009375 0.0109375
0 0.697265625 0.185546875 0.00703125 0.01171875
0 0.68046875 0.237890625 0.00703125 0.0125
0 0.69609375 0.25859375 0.00703125 0.03125
0 0.571875 0.15859375 0.0140625 0.0109375
0 0.645703125 0.35 0.003125 0.009375
0 0.821484375 0.353125 0.003125 0.009375
5 0.843359375 0.269140625 0.009375 0.00859375
0 0.755078125 0.259375 0.00703125 0.03203125
0 0.772265625 0.242578125 0.0078125 0.0125
0 0.75625 0.186328125 0.00625 0.01171875
0 0.319140625 0.43984375 0.00390625 0.009375
0 0.2890625 0.503125 0.0078125 0.00390625
0 0.39296875 0.61953125 0.01484375 0.009375
0 0.406640625 0.595703125 0.021875 0.009375
0 0.469921875 0.596875 0.0140625 0.009375
0 0.484765625 0.620703125 0.01484375 0.009375
0 0.491796875 0.5734375 0.0234375 0.01015625
0 0.569140625 0.62265625 0.01484375 0.01015625
0 0.58203125 0.59921875 0.02421875 0.01015625
0 0.630859375 0.623828125 0.01875 0.01015625
0 0.67578125 0.509375 0.00703125 0.00546875
0 0.669140625 0.445703125 0.01328125 0.0109375
0 0.63125 0.445703125 0.00390625 0.0109375
0 0.487890625 0.442578125 0.025 0.0125