4 0.364453125 0.0890625 0.05625 0.0203125
5 0.342578125 0.182421875 0.01484375 0.0125
6 0.1688542112013681 0.30130671506352086 0.15825566481402312 0.3121554748941319 0.16370628473706716 0.3221476104053237 0.1743048311244122 0.3110133091349062 0.1688542112013681 0.30130671506352086
6 0.17169431380932024 0.4219274047186933 0.1594117144078666 0.4125117967332123 0.15516545532278753 0.42521476104053235 0.16821804189824713 0.434940108892922 0.17169431380932024 0.4219274047186933
4 0.3546875 0.5734375 0.021875 0.0171875
6 0.22866823428815736 0.6914355716878402 0.2337340743907653 0.7004924379915305 0.25416075245831554 0.6788838475499092 0.24856776400171016 0.6688535995160315 0.22866823428815736 0.6914355716878402
2 0.16049337323642585 0.7596533575317606 0.14223685335613512 0.7853920145190563 0.14841684480547243 0.7934543254688445 0.16669602394185548 0.7686515426497278 0.16049337323642585 0.7596533575317606
8 0.513671875 0.1890625 0.0765625 0.03125
9 0.4859375 0.1890625 0.015625 0.0234375
2 0.6539781958101754 0.13769267997580154 0.635270200940573 0.11123653962492437 0.629601111586148 0.12085722928009676 0.6472462590850793 0.14570961887477313 0.6539781958101754 0.13769267997580154
6 0.6592188969645149 0.3382837265577737 0.6524527575887131 0.3457168784029038 0.6691718683197949 0.3740254083484574 0.6759935870029927 0.3649316394434362 0.6592188969645149 0.3382837265577737
8 0.512109375 0.5140625 0.0765625 0.03046875
8 0.69375 0.546484375 0.07578125 0.03125
9 0.485546875 0.51484375 0.015625 0.021875
9 0.66640625 0.547265625 0.015625 0.0234375
12 0.37927789653698163 0.11861645493042952 0.3905651988029073 0.11880338777979431 0.3844925181701582 0.10386751361161525 0.37148909790508766 0.13523290986085904 0.32992603676784954 0.13521234119782216 0.3299042325780248 0.13654022988505748 0.33003591278324074 0.13663339382940104 0.34488798631893974 0.136692075015124 0.37234715690466014 0.13635329703569266 0.37927789653698163 0.11861645493042952
12 0.5900483112441215 0.2832292800967937 0.5679632321504917 0.2649213551119177 0.5677640017101326 0.21452571082879612 0.567126977340744 0.21450756200846946 0.5670128259940146 0.2656503327283727 0.5795951261222745 0.2760260133091349 0.5794809747755452 0.29204597701149426 0.5900483112441215 0.2832292800967937
12 0.5875254837266876 0.3649421053263182 0.5659072253099615 0.3462129461584997 0.5657118426678068 0.2955904416212946 0.5645771697306542 0.29530550514216575 0.5645771697306542 0.3471385359951603 0.5770773834972212 0.3576261343012704 0.5771590423257803 0.3736098003629764 0.5875254837266876 0.3649421053263182
12 0.5791893971782813 0.46505323653962494 0.579089354424968 0.4808082274652147 0.5901795639162036 0.4717955232909861 0.5680991876870458 0.45362673926194796 0.5679769132107739 0.40269207501512405 0.5679486960239419 0.4025741076830006 0.5668443779392903 0.4027162734422263 0.5669952971355281 0.43188566243194193 0.5666938862761864 0.45424137931034486 0.5791893971782813 0.46505323653962494
12 0.7106660966224883 0.642058681185723 0.7281752885848654 0.6006588021778584 0.7687669944420693 0.6001584996975197 0.7682381359555367 0.5984579552329098 0.7278469431380932 0.5983629764065336 0.718016673792219 0.6222232304900183 0.7025694741342454 0.6219395039322444 0.7106660966224883 0.642058681185723
12 0.7791474989311672 0.6422800967937085 0.7963039760581446 0.6004246823956443 0.8439854638734504 0.6004083484573502 0.8439675074818298 0.5989026013309136 0.7958627618640446 0.5986618269812463 0.786230012825994 0.6219824561403509 0.7707614365113297 0.6223841500302479 0.7791474989311672 0.6422800967937085
12 0.8546733646857632 0.6421258318209316 0.871608379649423 0.6004984875983062 0.9193749465583585 0.6002879612825166 0.9190414707139803 0.5985692679975801 0.8716720820863617 0.5984888082274653 0.8615861479264645 0.6220689655172413 0.8460602821718683 0.6222292800967938 0.8546733646857632 0.6421258318209316
11 0.4282663531423686 0.22156926799758017 0.42800342026507054 0.20415426497277678 0.4167473279179137 0.21273139745916514 0.4282663531423686 0.22156926799758017
11 0.40410902094912365 0.3539570477918935 0.40406156477126987 0.3363986690865094 0.39270414707139806 0.34528009679370847 0.40410902094912365 0.3539570477918935
11 0.42718341171440793 0.41328433151845134 0.4271483539974349 0.3959267997580157 0.4159781958101753 0.4046073805202662 0.42718341171440793 0.41328433151845134
11 0.5535562206070972 0.5897864488808228 0.5664125694741343 0.5898517846339988 0.5599700726806328 0.5745172413793104 0.5535562206070972 0.5897864488808228
0 0.2421875 0.09140625 0.0125 0.0125
0 0.24296875 0.12421875 0.03046875 0.0125
0 0.2421875 0.156640625 0.01171875 0.0140625
0 0.163671875 0.12421875 0.00390625 0.01328125
0 0.15390625 0.15625 0.0234375 0.0125
0 0.217578125 0.1890625 0.01171875 0.01328125
0 0.14609375 0.23359375 0.009375 0.0078125
0 0.421875 0.233984375 0.009375 0.00625
0 0.076953125 0.37421875 0.009375 0.0171875
0 0.1 0.470703125 0.009375 0.0171875
0 0.1 0.3546875 0.01015625 0.0203125
0 0.123046875 0.36875 0.009375 0.01640625
0 0.123046875 0.298828125 0.009375 0.03515625
0 0.14609375 0.2765625 0.00859375 0.0171875
0 0.352734375 0.342578125 0.00859375 0.015625
0 0.37578125 0.351171875 0.009375 0.0421875
0 0.398828125 0.322265625 0.009375 0.0171875
0 0.421875 0.3703125 0.009375 0.04296875
0 0.37578125 0.3 0.009375 0.015625
0 0.6015625 0.12421875 0.0109375 0.0140625
0 0.6046875 0.156640625 0.003125 0.01328125
1 0.5874818298418127 0.11797761645493043 0.5876190679777683 0.09107078039927403 0.5783120991876871 0.10384331518451298 0.5460354852501068 0.10384331518451298 0.5460354852501068 0.09113551119177252 0.5274630183839248 0.09094434361766482 0.527467293715263 0.1174585601935874 0.5460816588285593 0.11765335753176043 0.5460816588285593 0.10513974591651545 0.5782663531423686 0.10526981246218999 0.5874818298418127 0.11797761645493043
0 0.6515625 0.26953125 0.009375 0.0234375
0 0.6515625 0.300390625 0.00859375 0.015625
12 0.607145788798632 0.39036479128856627 0.6296904660111159 0.4089449485783424 0.6297135528003421 0.4591548699334543 0.6302672082086362 0.45906836055656386 0.6301923899102181 0.40815305505142163 0.6178371098760155 0.39782335148215364 0.6178371098760155 0.38197822141560794 0.607145788798632 0.39036479128856627
0 0.573046875 0.546875 0.00234375 0.0125
0 0.57265625 0.5796875 0.00390625 0.0125
0 0.23359375 0.546875 0.0109375 0.0125
0 0.242578125 0.612109375 0.0125 0.01328125
0 0.246875 0.644921875 0.0125 0.0140625
0 0.195703125 0.644921875 0.0109375 0.0125
0 0.24296875 0.5796875 0.0109375 0.0125
0 0.19140625 0.5796875 0.0171875 0.01328125
0 0.15390625 0.6125 0.0234375 0.01328125