14 0.252734375 0.247265625 0.1 0.02734375
2 0.287109375 0.186328125 0.028125 0.0203125
5 0.32734375 0.76171875 0.028125 0.12265625
14 0.427734375 0.897265625 0.09609375 0.028125
9 0.4953125 0.730078125 0.0296875 0.01796875
5 0.5203125 0.76328125 0.0140625 0.05546875
2 0.294921875 0.508984375 0.028125 0.0171875
7 0.23359375 0.543359375 0.05 0.02265625
2 0.396484375 0.716796875 0.02734375 0.01640625
14 0.639453125 0.536328125 0.10390625 0.028125
7 0.814453125 0.563671875 0.04921875 0.02578125
18 0.37293878572991657 0.8333584351991508 0.38821102805061486 0.7953226444087178 0.3941873257824486 0.7950882413853211 0.3943678321190921 0.8095694503336459 0.426306702831738 0.8092666825130663 0.4267726199985377 0.7941915243251968 0.4268033321155095 0.7927908959945054 0.38767528724554223 0.7929977019809892 0.3791799687394216 0.8150077571718377 0.3651467955008008 0.8152871951331788 0.37293878572991657 0.8333584351991508
18 0.7465309758159668 0.7125888636864459 0.7617423756798435 0.6736641021920692 0.7673590044069514 0.6735243149276876 0.7676855509160047 0.6888270566898249 0.7995775520519188 0.6883133384902391 0.7988959647802052 0.6731008963310405 0.8000237938140872 0.6729928722888414 0.7999408947238804 0.671648681803851 0.7608968584665725 0.6724548388747686 0.7526593232374068 0.69426556743051 0.7386101701645753 0.6945604106416454 0.7465309758159668 0.7125888636864459
18 0.8210180762271786 0.6938680054301545 0.8197802938207701 0.6931641526592164 0.8164453358895392 0.6931818260268267 0.8151330914127156 0.694777263644626 0.8143356508006805 0.6964447924067645 0.8139903647177599 0.6979023411370091 0.8121699483177165 0.693215914654874 0.8105942752019869 0.6933154194181885 0.8185463522659215 0.7118860590069918 0.8340279317157355 0.6727127452198969 0.8587937188327002 0.672280456797772 0.8586275999424929 0.6707985567688863 0.8332273959147335 0.6709448380398348 0.8227697319192352 0.6972608190786425 0.8220728545390908 0.6955032035907145 0.8210180762271786 0.6938680054301545
18 0.8635997777400046 0.7112714835438322 0.8789328024876886 0.6717940010038821 0.8851542191439808 0.6716146145910872 0.8852576559826486 0.68733934225256 0.917213236350622 0.6873079514845463 0.9166144294112899 0.6709831873933314 0.9175712092074366 0.6711195651058659 0.9175616865405761 0.6697166138117888 0.8781502015993954 0.6704656541761878 0.8699451945903947 0.6919841794856584 0.8556770465757528 0.6923978053054285 0.8635997777400046 0.7112714835438322
17 0.19635627573518777 0.25653567511832975 0.187061474928743 0.23519312878488208 0.17870608364140467 0.25671911948433557 0.19635627573518777 0.25653567511832975
16 0.22933317050036678 0.257153225459897 0.22927678881479413 0.25553992865535236 0.22146241925438503 0.25551477987778376 0.22114886717169652 0.23951116011991253 0.2202074064110997 0.2391500404126757 0.22040996725679157 0.25565416106174194 0.21291006660924014 0.25566406174849376 0.21276795558552947 0.25732136179577875 0.22933317050036678 0.257153225459897
17 0.2779114979586477 0.29978801428313206 0.26870638334389385 0.2788801455618387 0.26020579837058366 0.29997605785303477 0.2779114979586477 0.29978801428313206
1 0.3283109018036777 0.30104352085385877 0.3278380711733999 0.2758658450402728 0.3195762884695819 0.2872725083720178 0.2972848116218828 0.2874238217855374 0.2970882846446151 0.2761647987984587 0.2806175036041156 0.27640268301887644 0.2810921386015387 0.3014877542541218 0.2976060830903295 0.3011995022808489 0.2973366367233721 0.2896089730499338 0.31960945120921863 0.28917240045337667 0.3283109018036777 0.30104352085385877
17 0.3705140441414832 0.3043534555914357 0.3616230824896561 0.28360951810218615 0.35327250553544776 0.304406941159783 0.3705140441414832 0.3043534555914357
17 0.30065336235415213 0.48998632534077285 0.29151622913853525 0.46971499568259806 0.2829728148838255 0.4901945016750485 0.30065336235415213 0.48998632534077285
17 0.646074906106374 0.22791494862358222 0.6364212456967964 0.20703185077750158 0.6280303310140851 0.2283109949326445 0.646074906106374 0.22791494862358222
1 0.710618420179426 0.22909782404697615 0.7101623454057592 0.2029693177628439 0.7013894583608618 0.21529974233305685 0.6660579442318488 0.215916456206191 0.6658575424613794 0.20443544646525721 0.6500847850209511 0.20465933147992424 0.650482581618802 0.22980080374195597 0.6661125114238643 0.2294783679703225 0.666015984118326 0.21794653581462634 0.701249169781523 0.21728192393918463 0.710618420179426 0.22909782404697615
18 0.6996508326607214 0.28455236928307964 0.699021153912848 0.2860566307510283 0.69906201344879 0.2883974719974016 0.6989880210784714 0.29069917439881376 0.6997874745506858 0.2923805779163005 0.7010052316803178 0.2935294940598191 0.7021880136409397 0.29431598899916406 0.6992700098933848 0.2970309705546719 0.6992197272851384 0.2990496994290224 0.7118900487632019 0.2881330192684749 0.6843383112739756 0.26626449519948997 0.6837441987195152 0.23083147574222238 0.6826651360161609 0.23057319665561615 0.6832446200231883 0.2670544229567455 0.7018357839187045 0.282294291983617 0.7006825855290668 0.2832026386908711 0.6996508326607214 0.28455236928307964
18 0.7557385626108915 0.2599381756155592 0.7566592024456021 0.257048709897644 0.7564656453708146 0.25438683073265805 0.7564336756873953 0.25255528879621914 0.7557734077211475 0.25181715336002963 0.7549184356695275 0.250041725628636 0.7528481147550437 0.24941109499592456 0.7563326671136593 0.24676851148250994 0.7563592605487678 0.2449359473230348 0.7435406377610451 0.2555629755756656 0.7710744757013575 0.27767988374275226 0.7717436480244126 0.31302809573634116 0.7728204672803732 0.31318234489570174 0.7724239094924996 0.27699016612244576 0.7527971535786999 0.26165522854227646 0.7537616885117706 0.2613050084130461 0.7557385626108915 0.2599381756155592
17 0.650982425147071 0.5725629778938113 0.6418462589126837 0.5525185261681786 0.6334561061284352 0.573179898084871 0.650982425147071 0.5725629778938113
16 0.6148301030958986 0.5455818280711521 0.614776102375527 0.5441294337594941 0.6071359664817562 0.5442627928275802 0.6068304023395288 0.5278839008850693 0.605907952355432 0.5278280010226609 0.6060520656937067 0.5442417788994292 0.5984140414038606 0.5444961116753382 0.5984358753884415 0.5457469798142272 0.6148301030958986 0.5455818280711521
15 0.39689534851218655 0.8886940749693444 0.38969755317735133 0.907628385228648 0.39554471491684984 0.9076878717464577 0.40258493965172015 0.8890352412468527 0.39689534851218655 0.8886940749693444
17 0.4988831566011947 0.9050618257412623 0.48980056627060237 0.8850001024183394 0.4815330846683142 0.9053646723733599 0.4988831566011947 0.9050618257412623
13 0.286328125 0.772265625 0.028125 0.096875
13 0.375390625 0.63671875 0.06640625 0.03671875
0 0.41015625 0.573828125 0.01953125 0.015625
13 0.501953125 0.613671875 0.05 0.0359375
0 0.203125 0.580859375 0.01875 0.015625
0 0.11953125 0.555078125 0.01171875 0.02578125
0 0.117578125 0.412109375 0.0125 0.03984375
13 0.42309446771493153 0.26902570138722326 0.4033886444778786 0.26910162940758553 0.4020816476516207 0.24848488098397636 0.3454772565909445 0.25151012718388255 0.3455961827395601 0.28002782151665395 0.3849789110614706 0.27826823982192683 0.3851239149029767 0.28657550433812645 0.42414193816861906 0.2856264038049495 0.42309446771493153 0.26902570138722326
0 0.46875 0.22578125 0.028125 0.0171875
0 0.620703125 0.445703125 0.01328125 0.0484375
0 0.645703125 0.398828125 0.0125 0.05078125
0 0.683984375 0.17734375 0.0265625 0.01640625
0 0.776171875 0.23203125 0.01875 0.01640625
0 0.780859375 0.397265625 0.0109375 0.0390625
0 0.782421875 0.53046875 0.01328125 0.02734375
3 0.2921875 0.186328125 0.01953125 0.01953125
0 0.258203125 0.24765625 0.02421875 0.01484375
8 0.240625 0.54375 0.03515625 0.01875
3 0.3 0.50859375 0.01953125 0.01640625
6 0.32890625 0.788671875 0.01640625 0.03828125
19 0.410546875 0.803125 0.03359375 0.01484375
3 0.40078125 0.716796875 0.0203125 0.01640625
10 0.5015625 0.73046875 0.0203125 0.01796875
6 0.519921875 0.75390625 0.01328125 0.0390625
0 0.43125 0.896875 0.0234375 0.0140625
19 0.79140625 0.68203125 0.01640625 0.01328125
19 0.909765625 0.680859375 0.01640625 0.01328125
8 0.8203125 0.563671875 0.03515625 0.01875
0 0.64453125 0.53515625 0.02578125 0.015625