14 0.571875 0.599609375 0.053125 0.0203125
5 0.86796875 0.566015625 0.02734375 0.01484375
5 0.51484375 0.445703125 0.01171875 0.06328125
5 0.53203125 0.435546875 0.01328125 0.08203125
5 0.345703125 0.585546875 0.009375 0.025
5 0.330859375 0.4625 0.00859375 0.025
11 0.11953125 0.2859375 0.01015625 0.0109375
11 0.18359375 0.203125 0.00703125 0.015625
11 0.34765625 0.462890625 0.00703125 0.0140625
2 0.39770297188935777 0.5609930049581926 0.40157156537844213 0.5666699106327273 0.40866135810112514 0.5582796702092747 0.40366478578255 0.5522828484865149 0.39770297188935777 0.5609930049581926
2 0.48062477630625783 0.5815690795708668 0.468457567200229 0.5641092123268229 0.46595161225934784 0.5655554195333796 0.46455374222606627 0.5697106162907398 0.476239537003423 0.5874976817115006 0.48062477630625783 0.5815690795708668
2 0.44453125 0.6921875 0.02265625 0.01015625
7 0.666015625 0.635546875 0.02578125 0.01171875
18 0.5256159618663333 0.6435012619433261 0.5311773233361121 0.6308352069764745 0.5579157180976699 0.6315069162922715 0.5581054068994232 0.622562673514844 0.5609754271753018 0.6226127699051047 0.561012455069408 0.6219367714560744 0.5344865605361193 0.6214864586720983 0.5298566501832024 0.6328215295022019 0.5214871386691937 0.6328535194621568 0.5256159618663333 0.6435012619433261
1 0.12525949742341694 0.35747686355148395 0.13228326777315352 0.3481288558404887 0.1448409351426478 0.34836377260224255 0.14463985293429787 0.35739731018570664 0.1582760582450128 0.35800419011586 0.15862663927623427 0.33848284930943073 0.14514110264254276 0.33827134352911525 0.1449500805797781 0.34758593383301123 0.13234215034793675 0.34714394145653765 0.12569168652120333 0.33768967555712653 0.12525949742341694 0.35747686355148395
18 0.4873127418249076 0.34692938675530616 0.4965852229417972 0.3252732238693486 0.501244946928308 0.3254830556454406 0.5010390398732729 0.33375188227642383 0.5197131241006179 0.33433906442093414 0.519698392827334 0.3257761367648856 0.5227081839598677 0.32570682843036425 0.5228177800358306 0.32481743277221176 0.4963407986822485 0.32432080818354636 0.49135194270070726 0.33581378611982826 0.48293992323046986 0.33559862414074526 0.4873127418249076 0.34692938675530616
18 0.4797421679293781 0.38264308833320115 0.4746398542184395 0.3937646220893513 0.46658861594172985 0.3937150925987125 0.47083158834112193 0.40527034637131987 0.480162603282236 0.38305345095718996 0.4846958746050742 0.38301164209883437 0.48486545316900864 0.3830953278206033 0.4845987214439371 0.3918356556577172 0.5030671568771767 0.392470344242209 0.5033263873552135 0.3833268615727344 0.5063024467125007 0.3834997462856789 0.5062667325762483 0.38309609899550523 0.4797421679293781 0.38264308833320115
18 0.44926892612375235 0.4051817997229367 0.4339182426716925 0.3920092268919422 0.4340689379886866 0.38582560674915395 0.4398530212527606 0.3859870369998949 0.4408839637308611 0.3595790000999671 0.4345258449436729 0.35964942482916473 0.43454613200891207 0.3552168184110426 0.43411936567427506 0.35516915749025435 0.43340624285661605 0.3927658236669229 0.441310485646267 0.39958316554066864 0.4411979054543472 0.4112262630419189 0.44926892612375235 0.4051817997229367
18 0.46856712409693396 0.4807036207990625 0.4779837892289864 0.45866297496282593 0.4823751941418096 0.4591668385990385 0.48223351732123315 0.46728349821382975 0.5010588113138326 0.46829629830381647 0.5010904965303549 0.4590829329320482 0.5040863506782023 0.45912615545544194 0.5039948543261478 0.4581579661821403 0.47761011287430166 0.45801125136941134 0.47268703294193665 0.4692635026236366 0.46415556781545114 0.4690444416518139 0.46856712409693396 0.4807036207990625
16 0.5574983684070394 0.6037647543076867 0.5574340402926417 0.6033590958411212 0.5523349377241564 0.6032362282016954 0.5525120736196234 0.5941659914126952 0.5520159945364247 0.5941942182281965 0.55173984665626 0.603192280718959 0.5467348929484419 0.6031384790565345 0.5466546793455972 0.6036428996135832 0.5574983684070394 0.6037647543076867
18 0.688303941817776 0.7418392119751219 0.7005862516786192 0.7131054188706274 0.7064318235657587 0.7131125178456081 0.7064280778783761 0.724571271458607 0.7366968201725702 0.7258131450020816 0.7368791520595127 0.7137627989404267 0.7409023304982316 0.7138049058349478 0.7409913696180338 0.7131255824361118 0.7004054177189852 0.7122457232408909 0.6938019026555508 0.7274895087180797 0.6825444555734153 0.7272361686686276 0.688303941817776 0.7418392119751219
18 0.7498358252494938 0.7310934378515187 0.749180551973026 0.7302348335014838 0.7484995296144161 0.7292345852808071 0.747708619235368 0.7287974989760733 0.7469288688198666 0.7285417112311681 0.7462415407654468 0.7287111199808004 0.7451237136716753 0.7290344657755994 0.7442472310667042 0.7302294477816773 0.7435552144181111 0.7314881183548171 0.743477268918123 0.7332956790258928 0.7417440779494134 0.7285264939036464 0.7408978334664741 0.7284545797280352 0.7464909569481848 0.7428264498123486 0.7597775729427194 0.7123971086141658 0.7892185589952461 0.7128508365789561 0.78930925370796 0.7118806876228649 0.7594933253183223 0.7113989486260912 0.749982065202098 0.7333348441641402 0.7499422448711643 0.7323457881664885 0.7498358252494938 0.7310934378515187
18 0.7933702254173132 0.7439065599661299 0.8058493412068689 0.7150071921003223 0.8115284680729904 0.7152042809254487 0.811503645103811 0.7262659919492094 0.8364628920213442 0.7280105022755311 0.8368518092630548 0.7153690524922923 0.8407009688397509 0.7154471241889494 0.8407156167924036 0.7150488911249437 0.805367307238822 0.7144022544226933 0.798885991301716 0.7293942043459374 0.7877025730030066 0.729198997053414 0.7933702254173132 0.7439065599661299
18 0.8485700196663404 0.7447479291811016 0.86095835691622 0.7159171204640971 0.8663732079261489 0.7160418713909602 0.8671029457637942 0.7160150020126071 0.8668189947903173 0.7274688646241438 0.8915375869174278 0.7285349482802203 0.891774534850432 0.7165647695445749 0.8958542388011381 0.7165041592719628 0.8958364726655976 0.7160276581361089 0.8607066829220443 0.7152330592697712 0.8541845951135585 0.7304540785842555 0.8429963871720272 0.7301780619712808 0.8485700196663404 0.7447479291811016
0 0.086328125 0.284765625 0.0125 0.01015625
0 0.176171875 0.05625 0.009375 0.01015625
0 0.237890625 0.057421875 0.009375 0.01015625
0 0.280859375 0.26484375 0.01484375 0.009375
0 0.291796875 0.2890625 0.0234375 0.0109375
0 0.179296875 0.4484375 0.00859375 0.01875
0 0.256640625 0.629296875 0.0140625 0.01015625
0 0.43125 0.632421875 0.009375 0.01015625
9 0.3904294217537661 0.7582250030308483 0.37695125541587904 0.7774706400830003 0.38111258523358144 0.7831327008175586 0.39477802583169563 0.7651127074569976 0.3904294217537661 0.7582250030308483
0 0.802734375 0.591015625 0.0125 0.009375
0 0.780859375 0.614453125 0.009375 0.009375
0 0.781640625 0.63828125 0.0078125 0.009375
4 0.8142076816136015 0.64228316194635 0.8133841548827473 0.6399053680232973 0.8003243262124486 0.6478494505728885 0.8023909461808417 0.6564457753312631 0.810915686254732 0.6512443044860304 0.8089512726920765 0.6460892235064233 0.8142076816136015 0.64228316194635
0 0.75078125 0.6375 0.009375 0.009375
9 0.7084565545333846 0.5922530864580121 0.7202130337298034 0.5777577504671181 0.7149024563503793 0.571095734228816 0.7047050582009818 0.586567642699132 0.7084565545333846 0.5922530864580121
0 0.64921875 0.541796875 0.0078125 0.0125
0 0.66640625 0.532421875 0.00859375 0.0125
0 0.683203125 0.533203125 0.00703125 0.0109375
0 0.68359375 0.478125 0.00703125 0.01796875
0 0.650390625 0.487109375 0.0078125 0.01328125
0 0.63359375 0.469140625 0.0078125 0.01328125
0 0.651171875 0.424609375 0.0078125 0.0140625
0 0.71953125 0.304296875 0.00859375 0.009375
0 0.778515625 0.28125 0.009375 0.01015625
0 0.778125 0.305078125 0.009375 0.0109375
0 0.765234375 0.328515625 0.00859375 0.009375
9 0.8299069858131858 0.3387500403108177 0.833761244056688 0.3445745417386513 0.8408544842096604 0.33592555544654396 0.8363801568856273 0.32951608034890245 0.8299069858131858 0.3387500403108177
13 0.852623905069029 0.44051629733647657 0.8349280849964886 0.4171881902406701 0.8299624725663239 0.4244711381871718 0.8388984718893614 0.4403178377263927 0.8442363667731436 0.4361059418023478 0.8495636446204557 0.44433438892544697 0.852623905069029 0.44051629733647657
13 0.4296875 0.33671875 0.02890625 0.01484375
0 0.465625 0.339453125 0.00390625 0.01015625
0 0.433984375 0.315234375 0.009375 0.0109375
12 0.122265625 0.2859375 0.0046875 0.01171875
12 0.18359375 0.2 0.00703125 0.00546875
19 0.43828125 0.36640625 0.00625 0.0140625
19 0.498046875 0.388671875 0.01171875 0.009375
19 0.515234375 0.330859375 0.01015625 0.0078125
6 0.53125 0.453125 0.009375 0.028125
6 0.514453125 0.454296875 0.009375 0.028125
19 0.495703125 0.464453125 0.01171875 0.0078125
6 0.330859375 0.456640625 0.0078125 0.01484375
12 0.347265625 0.458984375 0.0078125 0.00546875
6 0.344921875 0.5796875 0.00859375 0.01328125
3 0.4055639243961429 0.5622186550272918 0.4088196885731522 0.5579788809948255 0.40355493954079835 0.5517412479495212 0.40177036111346737 0.5543132756304002 0.4055639243961429 0.5622186550272918
3 0.4761824791407965 0.5877288855777789 0.4812449744937786 0.581607720773334 0.471424423059402 0.5684104370086277 0.4715364364666731 0.5682410615693527 0.4672821327197811 0.5737101725311705 0.4761824791407965 0.5877288855777789
19 0.552734375 0.627734375 0.0125 0.0078125
3 0.44765625 0.6921875 0.01640625 0.01015625
10 0.3854833146027066 0.7782680945570591 0.39555124460996655 0.7646893176703523 0.39038506329241807 0.7578266470365822 0.38071084331558724 0.7711788869684217 0.3854833146027066 0.7782680945570591
19 0.72734375 0.721484375 0.0203125 0.0109375
19 0.83046875 0.7234375 0.01640625 0.0125
19 0.884765625 0.7234375 0.01640625 0.009375
8 0.675390625 0.636328125 0.00546875 0.01015625
10 0.7133204202990514 0.5867449329762423 0.7206120166236015 0.5771678886525065 0.7149851589195201 0.5712326276995989 0.708670995018061 0.5803964983563188 0.7133204202990514 0.5867449329762423
10 0.8414626499828468 0.3359676147445466 0.836598367109681 0.32920212619448597 0.8342395793979147 0.332591645199381 0.8379215351236805 0.3412321899542626 0.8414626499828468 0.3359676147445466