9 0.22541758723176925 0.3539597059354282 0.2161328182947239 0.3406857796825066 0.21032945723468716 0.34905896604897546 0.21900730067000435 0.36260303836921237 0.22541758723176925 0.3539597059354282
14 0.28984375 0.532421875 0.0578125 0.03046875
14 0.39296875 0.5640625 0.07734375 0.03046875
14 0.5515625 0.123828125 0.0765625 0.03125
2 0.6599567713569046 0.17959864726439423 0.6409520954050029 0.206881465790131 0.6475611410832265 0.21589532730057132 0.6664135712435917 0.18879347470905708 0.6599567713569046 0.17959864726439423
11 0.65625 0.310546875 0.01328125 0.01328125
2 0.6583683420352215 0.4209576996604424 0.6517306643162095 0.4288545662769131 0.6709052232949796 0.4555081648265674 0.676511763409805 0.4458881166728569 0.6583683420352215 0.4209576996604424
14 0.5578125 0.49375 0.078125 0.03046875
18 0.6241504783184594 0.2066167233791451 0.6004629267164592 0.18798795785767677 0.6004499486350464 0.18691534035883892 0.6098399268173342 0.18660904745971094 0.6092252849254532 0.14152312567745368 0.5996344026336405 0.1418902235375777 0.5994803260563288 0.13536690832379555 0.5987753711628987 0.13540786244059183 0.5995478670776851 0.1887924214728723 0.6128249324285334 0.1990611998839303 0.6130233628859134 0.2157468963202363 0.6241504783184594 0.2066167233791451
18 0.5316066504855981 0.4280453809688948 0.5443635383151706 0.3949160294376925 0.5449292042337046 0.3947590619012251 0.5449111804054031 0.407583475897102 0.5771912346752665 0.40857348992925935 0.5766600952164871 0.39430525513152065 0.5813672500771244 0.39437275082848744 0.5814165031323901 0.39303735694654685 0.5436837989911849 0.39338768540243485 0.5365369942022267 0.4121980496686346 0.5246171011858187 0.41242321610553756 0.5316066504855981 0.4280453809688948
18 0.6281809603413697 0.45903587388416256 0.6048250192775417 0.4404902605171131 0.6048066192628883 0.4394361243836135 0.6138983229957573 0.4393629477564688 0.6132717835866075 0.39364738141048805 0.6040656483909135 0.3940932831368891 0.6039262238456878 0.3880109935743309 0.6031089360078091 0.3880252593866061 0.6040282121171572 0.440933049891714 0.617202302818345 0.45126092389868766 0.6176178925453273 0.46767387050086684 0.6281809603413697 0.45903587388416256
18 0.5670531195664039 0.6639445132059855 0.5841207130003546 0.6203296108124301 0.5848248955689985 0.6202617314862896 0.5853289036703527 0.637583063835376 0.6202855437336483 0.6384656389359303 0.6199296212323385 0.6197896560477938 0.6258414432255066 0.6195008871666079 0.6258100636413809 0.6188463543663392 0.5835441764392942 0.6196559446792298 0.5741277957614974 0.6437213405062183 0.558390750609629 0.6440986552333074 0.5670531195664039 0.6639445132059855
18 0.7097523350003663 0.6616773230248912 0.7270779025307642 0.6178761884166135 0.7280030196333203 0.6178211289959437 0.7281017724337286 0.6350319455813672 0.7709330665837625 0.6355401786480067 0.7703879304106298 0.617023144263111 0.7763763067761726 0.6170323579017574 0.7763024332861577 0.6162643981001943 0.7259642757143963 0.6174030336505112 0.7168484171112397 0.6408790846232388 0.7013637872372 0.6418082987603586 0.7097523350003663 0.6616773230248912
18 0.24890521710390473 0.6018137046649551 0.2614550234536145 0.5681834018086869 0.26204523460713264 0.5681854999841949 0.2622940277138309 0.5810531476781671 0.29443201171793537 0.581248170802809 0.2941461561875907 0.5676602393709987 0.2984740229471694 0.5677018580987042 0.2985075964816305 0.5662996049771378 0.26090903117359565 0.5669558903757974 0.2538696709532072 0.5858246705446103 0.24174719206124928 0.5857891174069982 0.24890521710390473 0.6018137046649551
17 0.511574195629035 0.12933581953966794 0.5049969301006708 0.11429611623561602 0.49890470367853396 0.12971175691406697 0.511574195629035 0.12933581953966794
15 0.5245322952068501 0.11357114193261601 0.5156694512850216 0.1348273899372361 0.5221723639042236 0.13486824414678195 0.5310637609820372 0.11368889302986793 0.5245322952068501 0.11357114193261601
17 0.6790631854599776 0.1768513513930384 0.672488147245393 0.16192192956192866 0.666493943613043 0.17732388649496458 0.6790631854599776 0.1768513513930384
17 0.6835079308801484 0.42930816872076516 0.6769104031302731 0.4143201308861978 0.6709968187961735 0.42964670610532324 0.6835079308801484 0.42930816872076516
17 0.7025970637094886 0.49622420007358653 0.6959529004400234 0.48102403233200797 0.6898325005379171 0.4966270252196094 0.7025970637094886 0.49622420007358653
1 0.6425125157970661 0.5065924838157488 0.6517920939930447 0.4925652070261301 0.6661640298442478 0.49223823146258283 0.6662228030706795 0.5053225674971954 0.6855706206113255 0.505285024063695 0.6850201646404368 0.4779758071325211 0.6658539916361709 0.47832147148147264 0.6661071087330954 0.49141951916157167 0.6519294016519931 0.4915977210412305 0.6420912815572148 0.4782509271046883 0.6425125157970661 0.5065924838157488
1 0.6298151482797627 0.5736344695420804 0.6292484537908949 0.5460531559642432 0.6201160099028857 0.559710557610393 0.5964002671952762 0.5599231186591372 0.5961461606538148 0.5469935619639439 0.577140487068149 0.5472846853957712 0.5777038958179487 0.5743832978918693 0.5966646391396536 0.5738911323424194 0.5964694600029558 0.5610811297746172 0.6201708073014393 0.560667421218636 0.6298151482797627 0.5736344695420804
17 0.5729263937945345 0.566163158906345 0.5661689385959885 0.5509333264115706 0.5599791292431175 0.5664917778319177 0.5729263937945345 0.566163158906345
17 0.5180357268877585 0.49958598242003455 0.5114970154799835 0.4844686384646658 0.5054670644722359 0.49976260941264794 0.5180357268877585 0.49958598242003455
17 0.570261110703431 0.43155257583006296 0.5638594314792302 0.416335347565957 0.5578022406591279 0.4315930205363495 0.570261110703431 0.43155257583006296
17 0.3527215554959929 0.569893107519432 0.3461689292693077 0.554792682780236 0.3402938018109406 0.5701053311860664 0.3527215554959929 0.569893107519432
17 0.28228640727182225 0.6047783889807186 0.275309454427231 0.5894621645989366 0.2691297580839896 0.6048378550394067 0.28228640727182225 0.6047783889807186
17 0.31595777137686465 0.5115711598191128 0.30933491175823097 0.49622309882153476 0.30334737221168445 0.5117297010060008 0.31595777137686465 0.5115711598191128
17 0.38310318543145794 0.343038884036947 0.3724023598461559 0.35225483248156086 0.38346846097638937 0.36117678505714723 0.38310318543145794 0.343038884036947
16 0.2641274308406597 0.539412414110671 0.2790330119382782 0.5391205939536456 0.27906924272818384 0.5386500310561002 0.27178171110979465 0.538745593122492 0.271596644859931 0.5257874650359435 0.2715536509119513 0.5256800331385437 0.27126669468570064 0.5257474713239335 0.2714495367999467 0.538751391246638 0.26411867852225407 0.5389109941250283 0.2641274308406597 0.539412414110671
16 0.3720684495029711 0.5714308521928103 0.3720885273977476 0.57074506172251 0.3648834809392945 0.5707335672350807 0.3647207283273156 0.5579798692286448 0.36404818515843573 0.5580416375096399 0.36410660929155153 0.5706556215526848 0.35713243716621496 0.5709146152211253 0.35711285539859494 0.5716461500452181 0.3720684495029711 0.5714308521928103
15 0.5310485721394504 0.4835800390020741 0.5222101538233034 0.5050577841526361 0.5286455489072155 0.5050412359236469 0.5373038367538556 0.48351532317103335 0.5310485721394504 0.4835800390020741
0 0.6359375 0.512890625 0.00625 0.0140625
0 0.394140625 0.449609375 0.01015625 0.0078125
0 0.417578125 0.4078125 0.0109375 0.0171875
0 0.393359375 0.39765625 0.01015625 0.00625
0 0.26484375 0.4859375 0.01328125 0.015625
0 0.205859375 0.48671875 0.01171875 0.01484375
0 0.20078125 0.5203125 0.01796875 0.01484375
0 0.133203125 0.45546875 0.01171875 0.0078125
13 0.130078125 0.34140625 0.0109375 0.05234375
0 0.106640625 0.3421875 0.01015625 0.01796875
0 0.16953125 0.15078125 0.0046875 0.01328125
0 0.258984375 0.115234375 0.01328125 0.0140625
13 0.259765625 0.14921875 0.0375 0.01484375
0 0.392578125 0.35078125 0.009375 0.00546875
0 0.41640625 0.33828125 0.009375 0.01796875
0 0.628125 0.075390625 0.0046875 0.01328125
10 0.21893993187317368 0.36269272713556966 0.2257431611853991 0.353766307385182 0.22126137845456495 0.34715861081439514 0.2148251227281878 0.35627147183187063 0.21893993187317368 0.36269272713556966
19 0.2875 0.5765625 0.01640625 0.0109375
0 0.29921875 0.532421875 0.02734375 0.01484375
0 0.392578125 0.56484375 0.028125 0.015625
0 0.551171875 0.123828125 0.02734375 0.01484375
19 0.60546875 0.151953125 0.0078125 0.02265625
3 0.6538869808520568 0.2070388145649707 0.6667065213730127 0.18841121958099777 0.6598501562407917 0.17924132570052104 0.6473610479578258 0.19771135558634367 0.6538869808520568 0.2070388145649707
12 0.6609375 0.31015625 0.00546875 0.0140625
19 0.569921875 0.403125 0.01484375 0.0125
19 0.610546875 0.405078125 0.0109375 0.0234375
0 0.55859375 0.49375 0.028125 0.0140625
3 0.657541371280026 0.4377211582977659 0.6705013928915082 0.45554856637669 0.6770213197995921 0.44544392730522075 0.6638550538387448 0.4288610093827252 0.657541371280026 0.4377211582977659
19 0.61484375 0.631640625 0.0140625 0.01484375
19 0.761328125 0.62890625 0.021875 0.015625