14 0.352734375 0.142578125 0.07578125 0.028125
11 0.45390625 0.0765625 0.02265625 0.01484375
7 0.5296875 0.375 0.015625 0.01484375
7 0.528515625 0.45859375 0.01640625 0.015625
2 0.1566742812639412 0.20365945739123817 0.14813695380753358 0.19164159290822752 0.14191504068935848 0.19981642248613185 0.14999050316570345 0.2132479892974478 0.1566742812639412 0.20365945739123817
9 0.41234175113104615 0.6338988401978704 0.4055741543539327 0.6261527860125643 0.3882128644014849 0.6537005009794178 0.39453509683623256 0.6617936878562674 0.41234175113104615 0.6338988401978704
14 0.34140625 0.78203125 0.07578125 0.028125
5 0.250390625 0.739453125 0.02265625 0.01640625
18 0.4292380960312139 0.7630877034246398 0.40639601537295367 0.7435856135999307 0.4063836948552891 0.7427845070051934 0.41608695119109906 0.7431398832172602 0.41728138334138115 0.6973324610902816 0.40712560171347334 0.6972667944081956 0.4072278821126205 0.6909568018165718 0.406863625120203 0.6911608220305976 0.4058298676507667 0.7443569534740637 0.4181604156620738 0.7550573209016871 0.4176743801978935 0.7718166752536009 0.4292380960312139 0.7630877034246398
18 0.4283974432879112 0.10048857498031002 0.42677328545190407 0.10137015429520187 0.4254076701357259 0.10278646832785276 0.42503712730352455 0.10558504505837933 0.42521967495385066 0.10740766203195515 0.4259321005389456 0.10961880771511145 0.42816403353230015 0.1107947500213831 0.4250669611262513 0.11309077045348288 0.4249345241394732 0.11452903729220063 0.4359212009137366 0.10577502726992907 0.4131432839159971 0.086424999611544 0.41331664445132477 0.07451855891838352 0.41255329411415403 0.07413365170152417 0.41233370269839975 0.08671403548453079 0.42565048450114007 0.09809054660429703 0.4272874273231423 0.09955969808245975 0.4283974432879112 0.10048857498031002
18 0.48048575510960817 0.11088319202685967 0.48126241315511703 0.10844447262751059 0.4813117932431042 0.10561548928140323 0.48024885313364357 0.10342730202608483 0.47933299780327465 0.10237396233524243 0.4782005994654598 0.10225969703346935 0.4814520236283878 0.09948703317285226 0.48127004220564346 0.09844607570045749 0.47057517895962847 0.10695460676697666 0.4724228673548609 0.10890805726603618 0.47154615303797476 0.10822783886780493 0.4929835433857228 0.1263443644732125 0.4925871020899743 0.14651024763439735 0.49350527573093483 0.14680720647114703 0.49403795118555205 0.12583425778156704 0.48009558991593504 0.11413040441985171 0.4786267012016774 0.11226566475956642 0.48048575510960817 0.11088319202685967
18 0.5232145030475642 0.6321632002269367 0.541623304836487 0.5893270347660614 0.5427237688618056 0.5894001208177215 0.5420819410835357 0.6065800780811903 0.5775785795817432 0.6083815557990732 0.5780577831091407 0.589640591862572 0.5836280354358534 0.5900807547824026 0.5841964279589696 0.5888690278845387 0.5413841024780457 0.5876843029444779 0.5309971694253032 0.6118256425279825 0.5150972627431971 0.6113732209365202 0.5232145030475642 0.6321632002269367
18 0.5969086986824199 0.6147506653259646 0.595109487088217 0.613051199162004 0.5919130165092679 0.6136628854429684 0.5897533255636156 0.6157097294104185 0.5893826612892136 0.6200395333870143 0.5865030113697947 0.6126508275879601 0.5857303795629714 0.6129708678917074 0.5936853408238794 0.6337909396568349 0.6124345731138996 0.5905048966882549 0.6236619628685403 0.5905819991893657 0.6237889847695832 0.5889516462116371 0.6120566248724101 0.5884967121262952 0.5989444058507424 0.6197895259565366 0.5983983704629023 0.6172781174593721 0.5969086986824199 0.6147506653259646
18 0.6460576800480952 0.6348941006689601 0.6645437706127924 0.5915619875133463 0.665744514342015 0.5914674950431439 0.6650514706765595 0.6093991312659993 0.7081804878776307 0.6104200551699923 0.7086503123221329 0.5922164185326839 0.7141629332088424 0.5920436823832098 0.7140262005751905 0.5911818232054128 0.6642128071215196 0.5899625518124372 0.6540717198186785 0.6140149662289841 0.6378533628252645 0.6134287065889303 0.6460576800480952 0.6348941006689601
1 0.4695635547531551 0.17222008541119105 0.4794847448132429 0.15868702583054023 0.529016800659417 0.1595516110813633 0.5289506604943285 0.17236514882757073 0.54840144608272 0.17270466355292094 0.5487381717647765 0.1450474993470996 0.5293559902782727 0.1448481515450109 0.5290537842932028 0.1576579963452623 0.47944673572019525 0.15656889580027097 0.4699174842796313 0.1429191061933369 0.4695635547531551 0.17222008541119105
18 0.4381652409625971 0.25804345335824547 0.41515897038470984 0.23847307505418577 0.4151733865819427 0.23782038414819287 0.4245736827804227 0.23824572946499423 0.42598692978974784 0.19237371104413067 0.4159519600513565 0.1925577325334417 0.4160486470259719 0.18627372580203466 0.4156054046770702 0.18627411334497862 0.4145805423993557 0.23927242206062868 0.42724458234746077 0.2500936345433609 0.4269543605429355 0.2667204305890227 0.4381652409625971 0.25804345335824547
0 0.1125 0.31640625 0.0109375 0.025
0 0.226171875 0.133984375 0.0125 0.0140625
13 0.2265625 0.167578125 0.03125 0.0140625
0 0.278125 0.16875 0.01171875 0.0140625
0 0.08671875 0.446484375 0.01015625 0.028125
0 0.1078125 0.57890625 0.01015625 0.025
0 0.34609375 0.58984375 0.01015625 0.00703125
0 0.325 0.42578125 0.0109375 0.02734375
0 0.348046875 0.451953125 0.009375 0.01796875
0 0.372265625 0.451953125 0.01015625 0.01953125
0 0.37421875 0.3390625 0.01015625 0.01875
0 0.35078125 0.31328125 0.01015625 0.00625
0 0.3515625 0.26875 0.01015625 0.015625
0 0.39921875 0.264453125 0.01015625 0.015625
0 0.455859375 0.11015625 0.01171875 0.0140625
0 0.48203125 0.710546875 0.01796875 0.0140625
0 0.444140625 0.78359375 0.01171875 0.01328125
3 0.14748441978493224 0.20971205046721972 0.14958213874535145 0.2131382376877912 0.15700937533185266 0.20309959398315622 0.15429137727280134 0.20086113767091254 0.14748441978493224 0.20971205046721972
6 0.255078125 0.739453125 0.0125 0.0140625
0 0.34140625 0.78203125 0.0265625 0.01328125
15 0.3112232568345076 0.7915227717884775 0.31172962852222186 0.792530480072431 0.3215259514598989 0.7716358472906147 0.32099128495829377 0.770950054206212 0.3112232568345076 0.7915227717884775
15 0.3057766122572679 0.7916051535312689 0.30626482182367026 0.7923542754457171 0.3159891985294923 0.7716841587185592 0.3155690067860607 0.7709529003917325 0.3057766122572679 0.7916051535312689
19 0.41328125 0.7078125 0.0078125 0.02109375
10 0.4008703252357811 0.6528083995116594 0.41251569933291876 0.6340836057351472 0.40536109242031976 0.6259224399253542 0.39405262308983346 0.6443473816411837 0.4008703252357811 0.6528083995116594
8 0.5328125 0.45859375 0.00546875 0.01484375
8 0.534375 0.37421875 0.00546875 0.01484375
15 0.3223159367840271 0.15197039105810678 0.32287117938056936 0.15282843779974237 0.3326818548004099 0.132254754235762 0.3322176792960759 0.13135853043803708 0.3223159367840271 0.15197039105810678
15 0.31697444940133557 0.1520041517319825 0.3174717600255894 0.15273419058432652 0.32707488902057114 0.13202988760107076 0.32660676260011173 0.13134269038855018 0.31697444940133557 0.1520041517319825
0 0.352734375 0.142578125 0.02734375 0.01328125
19 0.421875 0.202734375 0.00703125 0.02109375
12 0.45859375 0.0765625 0.0125 0.01484375
19 0.571875 0.601171875 0.01171875 0.01328125
19 0.6984375 0.603515625 0.01953125 0.01328125