5 0.42421875 0.276953125 0.0296875 0.0109375
9 0.432356990166738 0.3801783555018138 0.42425438221462164 0.39129927448609425 0.427572894399316 0.39609915356711 0.43515134672937156 0.3844897218863362 0.432356990166738 0.3801783555018138
2 0.25102351432236003 0.4674389359129384 0.24584010260795214 0.4733313180169286 0.249568191534844 0.4782194679564692 0.25367507481829843 0.4713875453446191 0.25102351432236003 0.4674389359129384
5 0.21015625 0.542578125 0.03359375 0.00859375
7 0.673828125 0.284765625 0.00859375 0.00625
5 0.674609375 0.305859375 0.0296875 0.0109375
2 0.6135314236853356 0.3596577992744861 0.6087704147071398 0.35280773881499394 0.6054796921761437 0.3570483675937122 0.610509619495511 0.36396916565900844 0.6135314236853356 0.3596577992744861
14 0.706640625 0.34765625 0.0296875 0.01171875
15 0.696484375 0.348046875 0.00625 0.00859375
2 0.6522368533561351 0.4669165659008464 0.6461564771269773 0.47374062877871825 0.6501923899102181 0.47911245465538094 0.655342881573322 0.47152962515114866 0.6522368533561351 0.4669165659008464
9 0.6718426678067552 0.5639661426844015 0.6686618212911501 0.566966747279323 0.6717400598546388 0.5725320435308343 0.6745788798631894 0.5698216444981863 0.6718426678067552 0.5639661426844015
9 0.8646468576314665 0.41835006045949213 0.8585066267635743 0.42471584038694077 0.8613257802479695 0.4299673518742443 0.8672248824283884 0.4237835550181378 0.8646468576314665 0.41835006045949213
14 0.889453125 0.3390625 0.0234375 0.0109375
14 0.8921875 0.328125 0.0296875 0.0109375
16 0.881640625 0.328515625 0.00625 0.00703125
18 0.669324070115434 0.5966384522370012 0.6751402308678923 0.5830592503022974 0.6744843950406156 0.5826160822249093 0.6722607952116288 0.5885798065296252 0.6718901239846089 0.5838651753325272 0.6657601539119282 0.5843083434099154 0.6663304831124413 0.5901511487303507 0.669324070115434 0.5966384522370012
18 0.6824523300555794 0.5854764207980654 0.6767216759298846 0.5989347037484885 0.677434373663959 0.5999014510278113 0.6800004275331338 0.5938174123337363 0.6801427960666953 0.5984105199516324 0.6860444634459171 0.5980078597339783 0.685673792218897 0.5922859733978234 0.6824523300555794 0.5854764207980654
18 0.23013125267208215 0.5554274486094317 0.24113595553655412 0.5545006045949215 0.24107909362975635 0.5538155985489721 0.23691663103890556 0.5536541717049577 0.23939717828131685 0.5513978234582829 0.23512056434373668 0.543822853688029 0.23204147071398035 0.5486178960096735 0.23013125267208215 0.5554274486094317
18 0.6819645147498932 0.47179020556227325 0.684758443779393 0.46453748488512697 0.689833262077811 0.4644165659008464 0.6869538264215478 0.45724425634824667 0.681223172295853 0.470863361547763 0.6819645147498932 0.47179020556227325
18 0.6863159469858914 0.3716505441354293 0.691946130825139 0.3577085852478839 0.6911085934159897 0.35757678355501815 0.6887819581017529 0.3632986698911729 0.688549380076956 0.3586293833131802 0.6830585720393331 0.3584975816203144 0.6831517742625055 0.36448246674727935 0.6863159469858914 0.3716505441354293
18 0.8726917486105175 0.37021463119709797 0.8665053441641728 0.3657418379685611 0.8665416844805472 0.3575864570737606 0.8604134245404019 0.36286940749697705 0.8715459598118855 0.3728712212817412 0.8726917486105175 0.37021463119709797
18 0.6340478837109876 0.282142684401451 0.6476682342881575 0.2801432889963725 0.6471581872595127 0.27747218863361545 0.6403997434801197 0.2790012091898428 0.6440645575032067 0.27729383313180167 0.6405301410859343 0.2696783555018138 0.6370243693886277 0.2740701330108827 0.6340478837109876 0.282142684401451
18 0.39867507481829845 0.25944256348246675 0.39180589995724674 0.26183010882708585 0.3881004702864473 0.2563373639661427 0.38610560068405303 0.26636577992744864 0.3996438648995298 0.2612255139056832 0.39867507481829845 0.25944256348246675
1 0.5954754168448055 0.45758524788391775 0.5866648140230868 0.4577871825876662 0.5905998289867466 0.46323155985489717 0.5907135528003421 0.4750810157194679 0.5873206498503635 0.4750810157194679 0.5873450192389911 0.4855096735187424 0.5947627191107312 0.4855247883917775 0.5947340743907654 0.47503869407496985 0.5913125267208209 0.4750785973397823 0.5913125267208209 0.4632617896009673 0.5954754168448055 0.45758524788391775
13 0.21875 0.167578125 0.0203125 0.0078125
0 0.255078125 0.153125 0.01328125 0.00625
13 0.287890625 0.16796875 0.02421875 0.00625
0 0.280078125 0.18203125 0.00703125 0.00625
13 0.326171875 0.153125 0.02421875 0.00625
13 0.3625 0.16796875 0.0234375 0.00625
0 0.448828125 0.134765625 0.0109375 0.00703125
0 0.448828125 0.153515625 0.0109375 0.00625
13 0.449609375 0.16796875 0.02421875 0.00703125
13 0.5359375 0.168359375 0.02421875 0.00703125
0 0.52578125 0.183203125 0.00625 0.00625
13 0.57265625 0.153515625 0.025 0.00625
13 0.6109375 0.16796875 0.02421875 0.00625
0 0.64296875 0.153515625 0.0140625 0.00625
0 0.655078125 0.16796875 0.00625 0.0078125
13 0.68046875 0.19140625 0.00546875 0.0296875
13 0.691796875 0.19140625 0.0046875 0.02890625
0 0.702734375 0.23046875 0.0046875 0.0109375
5 0.69453125 0.266015625 0.0125 0.0078125
13 0.57265625 0.2890625 0.025 0.00625
13 0.448828125 0.623828125 0.02578125 0.00703125
13 0.214453125 0.623828125 0.03125 0.00625
13 0.21875 0.57109375 0.00546875 0.03359375
0 0.675 0.6234375 0.0125 0.00625
0 0.650390625 0.551953125 0.00625 0.00625
0 0.22265625 0.449609375 0.0046875 0.009375
0 0.21328125 0.43671875 0.0046875 0.009375
0 0.326171875 0.328125 0.0109375 0.00625
0 0.44921875 0.328125 0.0109375 0.00625
13 0.4234375 0.30390625 0.03125 0.00625
0 0.678125 0.450390625 0.0046875 0.0109375
13 0.6890625 0.4140625 0.0046875 0.034375
0 0.61640625 0.357421875 0.0046875 0.0078125
0 0.571875 0.328125 0.0109375 0.0078125
13 0.2609375 0.27109375 0.028125 0.00859375
13 0.326953125 0.270703125 0.0265625 0.00703125
0 0.869921875 0.34296875 0.00625 0.00703125
0 0.84609375 0.343359375 0.00703125 0.00703125
0 0.8734375 0.448046875 0.00546875 0.01015625
3 0.2527336468576315 0.4735834340991536 0.2542449764856777 0.47096432889963724 0.25099444206926036 0.4667738814993954 0.249593843522873 0.4689135429262394 0.2527336468576315 0.4735834340991536
6 0.414453125 0.27734375 0.003125 0.0078125
10 0.4310739632321505 0.3907134220072551 0.43540743907652846 0.3844274486094316 0.43215733219324504 0.38035792019347037 0.42753313381787095 0.3862654171704958 0.4310739632321505 0.3907134220072551
6 0.201171875 0.542578125 0.00625 0.0078125
3 0.6088238563488672 0.36191958887545345 0.6105690466011117 0.36438633615477634 0.6137635741769988 0.3599649334945586 0.6121500641299702 0.3577775090689238 0.6088238563488672 0.36191958887545345
3 0.6535754595981189 0.4744286577992745 0.655713552800342 0.4719304715840387 0.6517793929029501 0.4662896009673519 0.6501496365968363 0.46897400241837967 0.6535754595981189 0.4744286577992745
0 0.706640625 0.34765625 0.0109375 0.00625
6 0.666015625 0.305859375 0.003125 0.0078125
8 0.676171875 0.284765625 0.00390625 0.00625
6 0.696484375 0.266015625 0.0078125 0.00703125
10 0.8649050876442924 0.4267067714631197 0.8674711415134674 0.4236444981862152 0.8649050876442924 0.4182049576783555 0.8619923044035914 0.4212714631197098 0.8649050876442924 0.4267067714631197