2 0.16255894800483678 0.5335241556220607 0.16961789600967353 0.5426015391192818 0.17869377267230957 0.5290230867892263 0.17190024183796854 0.5197956391620351 0.16255894800483678 0.5335241556220607
9 0.35650876662636033 0.35320735356990174 0.36978960096735186 0.34661051731509196 0.3661076178960097 0.33388884138520736 0.353043530834341 0.34096323215049174 0.35650876662636033 0.35320735356990174
11 0.569140625 0.178515625 0.021875 0.01484375
18 0.7093975211608222 0.5876169303120993 0.66718107617896 0.5875104745617785 0.6569283555018138 0.6116117999144934 0.641097037484885 0.6117182556648141 0.6494649334945586 0.6331534843950406 0.6674071946795647 0.5890034202650706 0.668418984280532 0.5890500213766567 0.6679525392986699 0.6062612227447628 0.703654776299879 0.6075066267635743 0.7038618500604594 0.589269773407439 0.709337968561064 0.5889452757588713 0.7094730955259976 0.5895365540829415 0.7093975211608222 0.5876169303120993
18 0.7377772067714632 0.5875168875587858 0.7248385731559855 0.6179995724668663 0.7246033857315598 0.6158029072253101 0.7232859733978235 0.6139392902949978 0.7223449214026602 0.6130076955964088 0.7204628174123338 0.6122757588713126 0.7186281741233375 0.6124754168448054 0.7171224304715841 0.6134070115433947 0.7158990326481257 0.6149380076955964 0.7155226723095527 0.6185985463873451 0.7127469770253929 0.6117430525865755 0.7119939540507859 0.6118764429243267 0.7202276299879081 0.6319760581445062 0.7380592503022975 0.5887191107310816 0.7492762998790811 0.5888264215476701 0.7493041112454655 0.5876498503634032 0.7377772067714632 0.5875168875587858
17 0.512703446191052 0.4539576742197521 0.5060752720677146 0.438112868747328 0.499346130592503 0.4536870457460454 0.512703446191052 0.4539576742197521
17 0.5601726118500604 0.5569739204788371 0.5538561064087062 0.5414480547242412 0.5473089480048368 0.5569739204788371 0.5601726118500604 0.5569739204788371
17 0.3473425030229746 0.4200679777682771 0.3409752116082224 0.40464215476699444 0.33409552599758163 0.4204142796066696 0.3473425030229746 0.4200679777682771
17 0.8109794437726723 0.28735485250106885 0.8045646916565901 0.2717541684480548 0.7980365779927449 0.2871551945275759 0.8109794437726723 0.28735485250106885
18 0.6204313784764208 0.24176314664386495 0.6059909310761789 0.22974903805044894 0.6049727932285369 0.2287400598546388 0.6062629987908101 0.22768490808037622 0.6071701934703748 0.22657246686618215 0.6077750906892382 0.22474732791791366 0.6077750906892382 0.22275074818298418 0.6074927448609432 0.22109662248824286 0.6069081015719469 0.2201838392475417 0.6062629987908101 0.21938520735356995 0.6053152962515115 0.21878666096622493 0.6041865175332527 0.218387345019239 0.6077548367593713 0.2158490808037623 0.6076136638452236 0.21459384352287306 0.5969489117291416 0.22351731509191963 0.603511185006046 0.22926421547669945 0.6199062877871826 0.24250491663103896 0.6199214026602176 0.2626049593843523 0.6204718863361548 0.2624185549380077 0.6204313784764208 0.24176314664386495
18 0.5171230350665055 0.20698973920478841 0.5330855501813784 0.22035271483539973 0.5323597339782346 0.22046686618212913 0.5317146311970979 0.2212035057716973 0.5305652962515114 0.2227721248396751 0.5298597339782346 0.22462590850790937 0.5299607013301089 0.22676485677640018 0.5308878476420797 0.22878965369816165 0.5320371825876663 0.23010175288584866 0.5332466747279323 0.23052928601966652 0.5299404474002418 0.2329533988884139 0.5300211608222491 0.23403719538264217 0.5407261185006046 0.22534587430525868 0.5176469165659008 0.20633604104318087 0.5175634824667472 0.1943852073535699 0.5170828295042321 0.19442625053441642 0.5171230350665055 0.20698973920478841
0 0.2625 0.212109375 0.01171875 0.01328125
0 0.313671875 0.2125 0.0046875 0.014453125
0 0.098046875 0.39765625 0.009765625 0.018359375
0 0.121484375 0.449609375 0.009765625 0.0171875
0 0.1453125 0.466796875 0.01015625 0.01640625
0 0.262109375 0.59921875 0.01328125 0.0140625
0 0.2625 0.565625 0.012109375 0.014453125
0 0.30859375 0.566015625 0.018359375 0.0140625
0 0.387890625 0.583203125 0.019140625 0.015625
0 0.359765625 0.491796875 0.009765625 0.007421875
10 0.3700544135429263 0.3466400171013254 0.3656441958887545 0.33350491663103893 0.3609032648125755 0.33668790081231303 0.3644628174123338 0.3487550235143224 0.3700544135429263 0.3466400171013254
3 0.1786142684401451 0.5289482684908081 0.17192684401451028 0.5198708849935871 0.16857436517533253 0.5249811885421121 0.1751644498186215 0.5341996579734929 0.1786142684401451 0.5289482684908081
19 0.69765625 0.60078125 0.0125 0.013671875
12 0.573828125 0.178515625 0.012109375 0.0140625