14 0.340234375 0.148046875 0.07578125 0.028125
11 0.4390625 0.078515625 0.02265625 0.01484375
7 0.525 0.37421875 0.015625 0.01484375
7 0.526953125 0.4578125 0.01640625 0.015625
2 0.1465412902258529 0.21582187483185483 0.13758974605676494 0.20410927973858847 0.13165692059784853 0.2124962710675414 0.14019621864228557 0.22563782615520026 0.1465412902258529 0.21582187483185483
9 0.4170681522997648 0.6368765014095965 0.4100343447672561 0.6293713516326154 0.3936450322312081 0.657508185557272 0.4002458614814989 0.6653757995533379 0.4170681522997648 0.6368765014095965
14 0.3515625 0.7875 0.07578125 0.028125
5 0.258984375 0.748046875 0.02265625 0.01640625
18 0.43846283070932585 0.7653969923383268 0.4149540517099008 0.7467039597784211 0.41491378048060146 0.7459037711760418 0.42462352830576605 0.7459202921400271 0.4242185768627841 0.7000990895760428 0.41406669012848907 0.7003878945637599 0.4139486926555363 0.6940781763146798 0.4135917777614234 0.6942947846308094 0.41441516824300334 0.7474945880437074 0.42711164225537795 0.7577581071769475 0.427210795902811 0.7745242145760921 0.43846283070932585 0.7653969923383268
18 0.4144983139707377 0.10323083973785882 0.4129059122021941 0.10416856430949348 0.41159055742888107 0.1056316748491271 0.41131790924073997 0.10844147852067496 0.41156395410302915 0.11025661438411531 0.4123531135691847 0.11244154980270685 0.41462472672390466 0.11353888241855654 0.4116096709281843 0.11594159044526786 0.41152750940723537 0.11738360311487143 0.422201982850952 0.10825149630912523 0.39876263531835177 0.0897081940039218 0.39852036145941594 0.07780295619729945 0.39774404306649996 0.07744492399809158 0.39796363448225425 0.09002530778109818 0.41166933857363797 0.10093013965506073 0.4133565568614694 0.10234126768521942 0.4144983139707377 0.10323083973785882
18 0.46691766190359185 0.11180126879789673 0.46760873675036807 0.10933693002561537 0.4675593566623809 0.10650794667950803 0.4664206974334138 0.10435818848358794 0.4654686389922995 0.10333745334890695 0.4643329426794332 0.10326277778652485 0.4674856215893509 0.10037832989096422 0.46726742213289707 0.09934435760179898 0.45687601736050515 0.10822095084567325 0.45879075463314045 0.11010872796041253 0.45789083510718215 0.10945952082126179 0.47994742400157586 0.12681685619501132 0.48025500338004007 0.146984290446732 0.4811829814083707 0.1472490245862267 0.4809833870178596 0.12627026194504637 0.46664106046621445 0.11506011964572563 0.4651079880836482 0.11324777941129734 0.46691766190359185 0.11180126879789673
18 0.5278127905700545 0.63127251550373 0.5447154175990672 0.5878199867601295 0.5458177619178538 0.5878546226491188 0.5457758969855904 0.6050465138132409 0.5813137825563868 0.6056080793013542 0.5811386439568393 0.586861807891795 0.5867208645007069 0.5871073036735595 0.5872466221155793 0.5858764783139957 0.5444190304424491 0.5861866036883062 0.5348809454298652 0.610675735755837 0.5189749352554694 0.6107784885082064 0.5278127905700545 0.63127251550373
18 0.6008544049877214 0.6112986975109964 0.5989969789108234 0.609663058195004 0.5958238030787306 0.6103859270676428 0.5937368615827421 0.6125068962800879 0.5935175310866047 0.6168469986537108 0.5903817732584413 0.6095632921874604 0.5896207813635643 0.6099101019924964 0.5982975067029209 0.6304398665881504 0.615524656353371 0.5865258535369173 0.6267478975240104 0.5862110788175479 0.626817943548373 0.5845772860063861 0.6150768537172404 0.5845320825101409 0.6030647257582007 0.6162634434482095 0.6024313761078001 0.6137726211934631 0.6008544049877214 0.6112986975109964
18 0.6506764418772394 0.6297145873043358 0.6676390022748555 0.5857637156445571 0.668835716803789 0.5856273753847959 0.6687689004010391 0.6035722750144782 0.7119072743005592 0.6030873960056223 0.7117415147839069 0.5848784518952559 0.7172447491262391 0.584513433277519 0.7170780213348797 0.5836568710211438 0.6672524208966295 0.5841768047359339 0.6579569284277877 0.608568485914378 0.6417279910528738 0.6085485959042684 0.6506764418772394 0.6297145873043358
1 0.4581427417648961 0.17348197669936982 0.4675855911358512 0.1596109165531776 0.5171176469820253 0.15874633130235455 0.5174987331260594 0.17155437164605045 0.5369495187144511 0.17121485692070024 0.5363208181613184 0.14356278915521106 0.5169434866381256 0.14403999116929272 0.5170885218851422 0.15685257939498154 0.46747368352490926 0.1574954033287103 0.45747386625947406 0.14418649488402702 0.4581427417648961 0.17348197669936982
18 0.429758747325411 0.26034884871813835 0.40608349519286185 0.24159329942393737 0.40607512402401547 0.2409405030015815 0.41548453815352004 0.24103752360332695 0.41529601389533566 0.19514412756732308 0.4052735794467325 0.19567825234900954 0.4051508988500543 0.18939469933796332 0.4047079400374692 0.18941055557972053 0.40553331637842344 0.24241234633534908 0.41856729660492115 0.2527849982074069 0.4188575184094464 0.26941179425306866 0.429758747325411 0.26034884871813835
0 0.10625 0.330078125 0.0109375 0.025
0 0.213671875 0.14375 0.0125 0.0140625
13 0.21484375 0.17734375 0.03125 0.0140625
0 0.26640625 0.1765625 0.01171875 0.0140625
0 0.08515625 0.4609375 0.01015625 0.028125
0 0.1109375 0.5921875 0.01015625 0.025
0 0.34921875 0.5953125 0.01015625 0.00703125
0 0.32265625 0.43203125 0.0109375 0.02734375
0 0.346484375 0.457421875 0.009375 0.01796875
0 0.370703125 0.456640625 0.01015625 0.01953125
0 0.36875 0.34375 0.01015625 0.01875
0 0.34453125 0.31875 0.01015625 0.00625
0 0.34375 0.27421875 0.01015625 0.015625
0 0.39140625 0.268359375 0.01015625 0.015625
0 0.442578125 0.11171875 0.01171875 0.0140625
0 0.4890625 0.711328125 0.01796875 0.0140625
0 0.454296875 0.78515625 0.01171875 0.01328125
3 0.137568259414252 0.22219150237205318 0.1397842727105655 0.2255423931160004 0.14685664121234793 0.21525065786311592 0.1440621778855885 0.21310842192227594 0.137568259414252 0.22219150237205318
6 0.263671875 0.748046875 0.0125 0.0140625
0 0.3515625 0.7875 0.0265625 0.01328125
15 0.321512252538603 0.7979333973181987 0.32205348427029973 0.7989228196164473 0.331114627384862 0.7776990285403075 0.3305563527541558 0.7770323128143319 0.321512252538603 0.7979333973181987
15 0.3160718009914372 0.7982058140307213 0.3165858571315458 0.798937441332187 0.32558293333926275 0.7779405404288726 0.3251374770177223 0.7772243920452251 0.3160718009914372 0.7982058140307213
19 0.4203125 0.7109375 0.0078125 0.02109375
10 0.40626364859012487 0.6561748885209756 0.4172484427613516 0.6370550836880027 0.4098133736627054 0.6291485816202675 0.3991548143388459 0.6479569592475386 0.40626364859012487 0.6561748885209756
8 0.53125 0.4578125 0.00546875 0.01484375
8 0.5296875 0.3734375 0.00546875 0.01484375
15 0.31027811892483526 0.15838348567072164 0.3108629686820201 0.15922163202629874 0.31994965650177104 0.13831809375999932 0.3194544860011393 0.1374386154090796 0.31027811892483526 0.15838348567072164
15 0.30494106366246165 0.15860364099980567 0.3054635493270402 0.1593158792417146 0.31433825860161435 0.1382890443917307 0.3138464345142696 0.13761860317765168 0.30494106366246165 0.15860364099980567
0 0.340234375 0.148046875 0.02734375 0.01328125
19 0.41171875 0.205859375 0.00703125 0.02109375
12 0.44375 0.078125 0.0125 0.01484375
19 0.575 0.598828125 0.01171875 0.01328125
19 0.701953125 0.596484375 0.01953125 0.01328125