14 0.346484375 0.1453125 0.075 0.026953125
11 0.446484375 0.07734375 0.022265625 0.014453125
7 0.52734375 0.374609375 0.015234375 0.014453125
7 0.527734375 0.458203125 0.01640625 0.015234375
2 0.14280894800483673 0.1978294142796067 0.13673065296251513 0.2061115861479265 0.14503929866989118 0.21940017101325354 0.15155471584038696 0.20969645147498933 0.14280894800483673 0.1978294142796067
9 0.4077902055622733 0.6277815305686192 0.39091233373639656 0.6556280461735785 0.39737484885126967 0.6636096622488243 0.4146919588875453 0.6354082941427961 0.4077902055622733 0.6277815305686192
14 0.346484375 0.784765625 0.075 0.026953125
5 0.2546875 0.74375 0.02265625 0.015625
18 0.4101088270858525 0.7459632321504917 0.4226242442563482 0.7564467721248398 0.42243077388149947 0.7732120564343737 0.43384038694074967 0.7642825994014537 0.4106614268440145 0.7451821291150065 0.4106351269649335 0.7443813595553656 0.42034310761789595 0.7445673364685763 0.4207379081015719 0.6987460453185123 0.4105825272067715 0.6988576314664388 0.4105746674727932 0.6925468148781532 0.4102140266021766 0.6927571611799915 0.4101088270858525 0.7459632321504917
18 0.40513422007255134 0.08830696879008124 0.4186475211608222 0.0994493373236426 0.42030985489721884 0.10088969645147498 0.42143591293833127 0.10179905942710561 0.4198273881499396 0.10270884993587004 0.4184866989117292 0.10414878153056864 0.41816505441354296 0.10695339888841386 0.41837938331318014 0.10877255237280892 0.41913029020556225 0.11097092774690039 0.42138240628778717 0.11210773834972212 0.418325876662636 0.11445746045318514 0.41821856106408706 0.11589781958101752 0.4290507859733978 0.10695339888841386 0.4059386336154776 0.08800384779820437 0.4059041717049577 0.07609619495510903 0.40513422007255134 0.0757246686618213 0.40513422007255134 0.08830696879008124
18 0.4875087666263604 0.12599529713552798 0.47336426844014506 0.11453655408294143 0.47186305925030225 0.11269773407439079 0.47369770253929866 0.11128302693458744 0.4744316807738815 0.10883112441214196 0.4744316807738815 0.10600171013253527 0.4733307134220072 0.10383240701154342 0.4723966142684402 0.10279521162890123 0.4712623941958888 0.10270072680632751 0.47446493349455865 0.09987174005985464 0.47426481257557435 0.09883411714407868 0.4637200725513906 0.1075280034202651 0.46560157194679563 0.10944890979050877 0.4647131197097944 0.10878409576742198 0.4864634220072551 0.12652372808892692 0.48641898428053204 0.1466934587430526 0.4873422007255138 0.14697434801197096 0.4875087666263604 0.12599529713552798
18 0.5429081015719468 0.586948696023942 0.5329440749697703 0.6112676357417701 0.5170386940749697 0.6110927746900385 0.5255175332527207 0.6317379221889696 0.5431759371221282 0.588587002992732 0.5442775090689238 0.588640872167593 0.5439356106408706 0.6058294142796068 0.5794582829504231 0.6070111158614793 0.579610338573156 0.5882646430098333 0.5851874244256348 0.5886075245831552 0.5857345828295042 0.5873860624198376 0.5429081015719468 0.586948696023942
18 0.613584038694075 0.5865275758871313 0.6010199516324063 0.6180444634459171 0.600430169286578 0.6155429670799488 0.5988966142684402 0.6130418982471142 0.5970680169286579 0.6113740914920907 0.5938827085852478 0.6120414707139804 0.591759068923821 0.6141256947413425 0.5914640266021766 0.6184613082513895 0.5884558645707376 0.6111239846088072 0.5876889359129384 0.6114574604531853 0.596006045949214 0.6321355280034203 0.613996977025393 0.5885288584865328 0.6252240024183797 0.5884100042753314 0.6253225513905682 0.5867776827704148 0.613584038694075 0.5865275758871313
18 0.6657578597339783 0.5870829414279607 0.6560380894800484 0.6113086789226166 0.6398119709794438 0.6110055579307396 0.6483896614268441 0.6323244976485679 0.6661166868198307 0.5886763574177 0.6673155985489723 0.5885609234715691 0.6669356106408706 0.6065019238991022 0.710075876662636 0.606769987174006 0.7102279322853688 0.5885609234715691 0.7157366989117292 0.5882920051303977 0.7155849455864571 0.5874326635314238 0.6657578597339783 0.5870829414279607
1 0.5230746674727932 0.1572030782385635 0.4734561668681983 0.15697990594271055 0.46369014510278117 0.14349850363403166 0.46384764207980644 0.1728011970927747 0.4735311366384522 0.15909705002137667 0.5230707376058041 0.15909705002137667 0.5232282345828294 0.17190979050876445 0.5426819830713422 0.17190979050876445 0.5425359733978234 0.14425096194955112 0.5231532648125755 0.1443899102180419 0.5230746674727932 0.1572030782385635
18 0.4100432285368803 0.24080290722531 0.42289419588875454 0.25140145361265503 0.42289419588875454 0.2680307823856349 0.43395193470374843 0.2591594698589141 0.41060761789600964 0.23999358700299278 0.4106106408706166 0.23934074390765286 0.4200169286577992 0.23960196665241557 0.4206293833131801 0.1937122702009406 0.41059915356710996 0.1940713980333476 0.41058615477629984 0.1877866609662249 0.41014298669891175 0.18779478409576744 0.4100432285368803 0.24080290722531
0 0.109375 0.323046875 0.010546875 0.025
0 0.219921875 0.138671875 0.0125 0.013671875
13 0.220703125 0.172265625 0.03125 0.013671875
0 0.272265625 0.17265625 0.01171875 0.013671875
0 0.0859375 0.453515625 0.009375 0.027734375
0 0.109375 0.585546875 0.009765625 0.024609375
0 0.34765625 0.592578125 0.009765625 0.00703125
0 0.323828125 0.42890625 0.01015625 0.02734375
0 0.347265625 0.4546875 0.009375 0.017578125
0 0.371484375 0.454296875 0.01015625 0.019140625
0 0.371484375 0.34140625 0.01015625 0.01875
0 0.34765625 0.316015625 0.009765625 0.005859375
0 0.34765625 0.271484375 0.009765625 0.015625
0 0.3953125 0.26640625 0.009765625 0.015625
0 0.44921875 0.1109375 0.011328125 0.013671875
0 0.485546875 0.7109375 0.01796875 0.0140625
0 0.44921875 0.784375 0.011328125 0.01328125
3 0.14462908101571947 0.21929756306113726 0.15187998790810156 0.20913082513894826 0.14912333736396616 0.2069401453612655 0.14247188633615476 0.215908507909363 0.14462908101571947 0.21929756306113726
6 0.259375 0.74375 0.012109375 0.0140625
0 0.346484375 0.784765625 0.0265625 0.012890625
15 0.3168636638452237 0.7957716973065413 0.3262938331318017 0.774709277469004 0.32574727932285363 0.774032920051304 0.3163397823458283 0.7947729799059428 0.3168636638452237 0.7957716973065413
15 0.3113966142684401 0.7956908935442498 0.3207587666263603 0.7748542112013681 0.320325876662636 0.7741303976058146 0.31089540507859736 0.7949504061564772 0.3113966142684401 0.7956908935442498
19 0.416796875 0.709375 0.007421875 0.02109375
10 0.4148691051995163 0.6355899957246687 0.4075731559854897 0.6275549380076957 0.3965879685610641 0.6461744335185978 0.4035522974607013 0.6545151774262506 0.4148691051995163 0.6355899957246687
8 0.53203125 0.458203125 0.00546875 0.014453125
8 0.53203125 0.373828125 0.005078125 0.014453125
15 0.31683917775090686 0.15597263787943566 0.3262892986698912 0.13523086789226166 0.32580955259975813 0.13434288157332194 0.3162690447400242 0.155124412141941 0.31683917775090686 0.15597263787943566
15 0.3114389359129383 0.15597263787943566 0.3206792623941959 0.13510389055151775 0.32019921402660223 0.134424967935015 0.3109289600967352 0.1552513894826849 0.3114389359129383 0.15597263787943566
0 0.346484375 0.1453125 0.026953125 0.012890625
19 0.416796875 0.204296875 0.00703125 0.020703125
12 0.451171875 0.07734375 0.0125 0.01484375
19 0.5734375 0.6 0.01171875 0.01328125
19 0.700390625 0.6 0.01953125 0.012890625