7 0.27734375 0.46875 0.01484375 0.0140625
11 0.158203125 0.56328125 0.01015625 0.01875
18 0.19554918477879113 0.5774102684198581 0.19410920716961227 0.5762719084594999 0.19228123853253537 0.5764624547248743 0.19084131667124699 0.5774924445633487 0.19022197793590784 0.5784024943000821 0.18985614004811766 0.581000553072595 0.1879853575790554 0.5765904617899702 0.18705570963778081 0.5768709445792716 0.1937442937174252 0.5917752941539428 0.20640276953219275 0.5589837526425044 0.21495797748692538 0.5587813987480512 0.21497986216550774 0.5578873363880386 0.20597150190859725 0.5578333443612223 0.197021772856522 0.5803995596242899 0.19616919122634136 0.5786689853983396 0.19554918477879113 0.5774102684198581
18 0.19222590693007427 0.6314572602431933 0.19352188528168413 0.6327986773034616 0.19494535944339011 0.6326104879345678 0.19658481213312626 0.6315449454030948 0.19730318829701135 0.6307139830325865 0.19776051478934628 0.6281955709897706 0.19957512277212336 0.6327477502272053 0.20053203719351864 0.6323492019784693 0.19383728392727423 0.6177323061174688 0.18094272554214713 0.6499896222572896 0.1667593122547155 0.6503778744843706 0.1666988250173087 0.6513294812230147 0.1818504755864938 0.6511740457346313 0.1906606153769784 0.6279376549496177 0.19124709305895965 0.6306011898577762 0.19222590693007427 0.6314572602431933
18 0.646053968186541 0.6111147877372659 0.6631445638022422 0.5671548396422967 0.6640095170898196 0.5673424234013174 0.6642171842479598 0.5847305025501196 0.6999887926105893 0.585188785595614 0.6992825900690184 0.5666591690973094 0.7050784503815717 0.5668286716772516 0.7050512905870306 0.5652726880900907 0.6627356303735638 0.5656730804636461 0.652846653724784 0.5902042556212341 0.6371608747402662 0.590833813663433 0.646053968186541 0.6111147877372659
18 0.7179057866027538 0.5901320811030669 0.7164092222838494 0.5896318302734658 0.7149236749045402 0.5897454182425419 0.71302552386342 0.5910942704354707 0.7116134571590123 0.5954175634502501 0.7092134235487022 0.5893187175937575 0.7081011824804693 0.5895138747183111 0.7168882671408835 0.6099745800581714 0.7339168739338789 0.566343254248601 0.7453159472692023 0.5659689673971788 0.7451660059994828 0.5644805495022821 0.7336942564350198 0.5642420738219295 0.7210883538039408 0.5949011203434005 0.7198483260003921 0.5913262361519018 0.7179057866027538 0.5901320811030669
0 0.373828125 0.0796875 0.0203125 0.0140625
13 0.3765625 0.113671875 0.040625 0.01484375
0 0.152734375 0.24765625 0.009375 0.01640625
13 0.15390625 0.331640625 0.01015625 0.04453125
0 0.130078125 0.3328125 0.01015625 0.01796875
13 0.446484375 0.145703125 0.03046875 0.01484375
0 0.529296875 0.111328125 0.01171875 0.01484375
12 0.1578125 0.55859375 0.0109375 0.01015625
8 0.28203125 0.46875 0.0046875 0.01484375
10 0.69375 0.578125 0.01171875 0.0140625