18 0.246875 0.266796875 0.021875 0.02734375
11 0.291796875 0.17421875 0.03125 0.017578125
18 0.332421875 0.233203125 0.02109375 0.021875
2 0.341711415134673 0.25250665054413546 0.3512843095339889 0.2631191051995163 0.36440530141085936 0.2444570737605804 0.3560927746900385 0.23192623941958884 0.341711415134673 0.25250665054413546
9 0.4294775545104746 0.4864522370012092 0.43367464728516464 0.500645707376058 0.46840829414279606 0.48184401451027814 0.4645113296280462 0.46701451027811364 0.4294775545104746 0.4864522370012092
5 0.15625 0.681640625 0.037890625 0.0171875
18 0.582421875 0.6484375 0.026171875 0.04453125
18 0.6066981616075247 0.6473597339782345 0.6182749038050449 0.6765501813784763 0.6390795211628901 0.6267128174123338 0.6344168448054726 0.6230223700120919 0.6261607524583155 0.6473597339782345 0.6066981616075247 0.6473597339782345
0 0.1984375 0.44140625 0.01328125 0.026171875
0 0.160546875 0.4421875 0.011328125 0.026953125
0 0.27421875 0.225 0.025 0.018359375
0 0.52578125 0.17734375 0.018359375 0.01953125
0 0.5640625 0.223046875 0.00625 0.016796875
0 0.633984375 0.43984375 0.012109375 0.0234375
12 0.298046875 0.173828125 0.0203125 0.023046875
3 0.3528930063405082 0.23633523542946394 0.36168576314664386 0.2482061668681983 0.3660218041898248 0.24246070133010883 0.3576203505771698 0.23058645707376058 0.3528930063405082 0.23633523542946394
6 0.162109375 0.68203125 0.025390625 0.018359375
10 0.46855536554082944 0.48173700120918983 0.46415733219324495 0.46642684401451034 0.43994869602394193 0.48031680773881497 0.4447721248396751 0.49474486094316805 0.46855536554082944 0.48173700120918983