11 0.176171875 0.24375 0.009375 0.0171875
7 0.384375 0.641015625 0.01484375 0.0140625
18 0.660118056397439 0.6273433762928825 0.6772866416770429 0.5840580997309094 0.678167958009199 0.5841265255558938 0.678577782083587 0.6006768318390854 0.7135377909446154 0.6017697264805358 0.7133535769726201 0.5831270922608951 0.7189556949849474 0.5830575284123554 0.7190020244754952 0.582230172293242 0.6765253146439678 0.583155900870962 0.6672156224836667 0.6068726522548175 0.651608886828355 0.6077868938259133 0.660118056397439 0.6273433762928825
0 0.157421875 0.53359375 0.009375 0.01640625
0 0.181640625 0.55078125 0.009375 0.00546875
0 0.2734375 0.451953125 0.01171875 0.01328125
0 0.2484375 0.418359375 0.0046875 0.01328125
0 0.331640625 0.4171875 0.0125 0.01328125
0 0.333203125 0.450390625 0.01171875 0.0125
0 0.33125 0.38359375 0.01328125 0.01328125
12 0.176171875 0.2390625 0.009375 0.0078125
8 0.38828125 0.640234375 0.00625 0.01484375
19 0.6953125 0.5953125 0.03671875 0.0171875