7 0.149609375 0.375390625 0.010546875 0.01015625
7 0.18203125 0.675390625 0.0109375 0.010546875
14 0.23515625 0.791015625 0.053125 0.022265625
15 0.216015625 0.790234375 0.011328125 0.01640625
9 0.6293715262932877 0.6035692679975802 0.6230440359127833 0.6104053236539625 0.6292193244976486 0.6220127041742286 0.635378366823429 0.6170768300060496 0.6293715262932877 0.6035692679975802
7 0.418359375 0.421875 0.01015625 0.01015625
7 0.393359375 0.376171875 0.0109375 0.009765625
2 0.27947840957674225 0.4055656382335148 0.2739632321504917 0.4129461584996975 0.28789910218041903 0.4319038112522686 0.29261479264643014 0.42547368421052634 0.27947840957674225 0.4055656382335148
9 0.34651603249251817 0.6266575922565034 0.3503924754168448 0.6184053236539626 0.335741769987174 0.6070175438596491 0.33206498503634035 0.6147610405323654 0.34651603249251817 0.6266575922565034
9 0.6197725523728089 0.4192946158499698 0.614065840102608 0.4329098608590442 0.6208999572466867 0.43699032062915916 0.6264801197092775 0.42399758015728983 0.6197725523728089 0.4192946158499698
7 0.320703125 0.306640625 0.0109375 0.01015625
11 0.225390625 0.234375 0.006640625 0.02421875
2 0.27939290294997865 0.16860254083484574 0.27400598546387345 0.17580157289776166 0.2873668234288157 0.1944246823956443 0.2929824711415135 0.18856987295825772 0.27939290294997865 0.16860254083484574
14 0.30234375 0.104296875 0.0515625 0.019921875
7 0.45078125 0.306640625 0.010546875 0.008984375
7 0.66953125 0.37578125 0.010546875 0.009375
14 0.83671875 0.6984375 0.047265625 0.02109375
14 0.869140625 0.422265625 0.048046875 0.020703125
17 0.931640625 0.238671875 0.01015625 0.012890625
18 0.24719196237708427 0.1783091349062311 0.2411423685335614 0.19280459770114944 0.2404279606669517 0.19165819721718086 0.23899871740059858 0.19057955232909862 0.2377601539119282 0.1905124016938899 0.23642667806755022 0.19111917725347854 0.23604531851218474 0.19287174833635815 0.23504489097905087 0.19064730792498488 0.23413980333475845 0.19064730792498488 0.2384749893116717 0.2019062310949788 0.24771611799914495 0.17938777979431336 0.25695777354818594 0.1791864003333385 0.25695724668661823 0.1791857229280097 0.25695819128210506 0.17918639123074523 0.2574053014108594 0.17917664851784632 0.2574207420846689 0.17951364662312178 0.2576241983753741 0.17965759225650332 0.2574335185976913 0.1783091349062311 0.24719196237708427 0.1783091349062311
18 0.23114621633176574 0.29242044767090136 0.23702479692176145 0.27835208711433757 0.23738093202223176 0.27774712643678157 0.23852116289012398 0.27946158499697515 0.2396254809747756 0.280167574107683 0.24101496365968367 0.27981427707199036 0.24197691321077386 0.2789068360556564 0.24229756306113726 0.2771421657592256 0.24304574604531853 0.27946158499697515 0.24432834544677218 0.2796128251663642 0.23969687900812314 0.26922565033272833 0.2305758871312527 0.2913617664851785 0.22086404446344593 0.29129945553539016 0.22081402308678927 0.29232002419842706 0.23114621633176574 0.29242044767090136
18 0.2745878580589996 0.7520235934664247 0.2836023941855494 0.7597156684815487 0.2837789653698162 0.7716612220205687 0.2916887558785806 0.7647840290381126 0.27582513894826854 0.7517755595886266 0.28205215904232583 0.7515251058681185 0.28243736639589573 0.7199897156684816 0.2757947840957674 0.7197882637628554 0.27573877725523727 0.7157719298245614 0.2746763574176999 0.7158166969147005 0.2745878580589996 0.7520235934664247
18 0.637178708849936 0.7702964307320024 0.6434108593415991 0.7703853599516031 0.6444809747755451 0.7385027223230489 0.6443552800342027 0.7384137931034482 0.6373048311244122 0.7383248638838475 0.6371915348439505 0.7321693889897157 0.6280987601539121 0.7249207501512402 0.6282099187687047 0.7133641863278888 0.6203415989739206 0.7199304295220811 0.6359670799486962 0.73310889292196 0.636100897819581 0.774502722323049 0.6371915348439505 0.774448275862069 0.637178708849936 0.7702964307320024
18 0.881716117999145 0.5565468844525105 0.8909794784095769 0.5640096793708409 0.8908725951261225 0.5756575922565033 0.8987815305686192 0.5694555353901996 0.8830701154339463 0.5560435571687841 0.8893317657118427 0.5563454325468845 0.8899307396323215 0.5240840895341803 0.8829739204788372 0.5240036297640653 0.8829418554938009 0.5200955837870538 0.882321932449765 0.5199963702359346 0.881716117999145 0.5565468844525105
18 0.8889935870029928 0.4709098608590441 0.8631992304403593 0.4708088324258923 0.8578909790508765 0.4830623109497882 0.849554082941428 0.48301209921355115 0.854577597263788 0.4944579552329099 0.8634843950406157 0.47212038717483357 0.8634206926036768 0.48070840895341804 0.8860863616930313 0.4811923774954628 0.885915348439504 0.47199939503932253 0.8889726378794357 0.47194192377495464 0.8890290722530997 0.4724730792498488 0.8889935870029928 0.4709098608590441
1 0.6493339033775117 0.7988626739261948 0.6274779820436085 0.7988058076225044 0.6207682770414709 0.7895934664246824 0.6204869602394185 0.8096098003629765 0.6274322359982899 0.7998294010889292 0.6492479692176143 0.8 0.6491893971782814 0.8092353297035693 0.6627323642582301 0.8089957652752571 0.6625365540829414 0.7895638233514821 0.6493339033775117 0.7896503327283726 0.6493339033775117 0.7988626739261948
17 0.656884993587003 0.6475946763460374 0.6527221034630185 0.6585716878402903 0.6615609234715691 0.6585716878402903 0.656884993587003 0.6475946763460374
17 0.6529499786233434 0.6585716878402903 0.6488242838820009 0.6476908650937689 0.64465284309534 0.658531155474894 0.6529499786233434 0.6585716878402903
17 0.6493039760581445 0.6939165154264973 0.6453612654980762 0.7047991530550514 0.6536660966224883 0.704852994555354 0.6493039760581445 0.6939165154264973
17 0.6453689610944849 0.704529945553539 0.6410859341598975 0.693909860859044 0.636758443779393 0.7045704779189352 0.6453689610944849 0.704529945553539
17 0.5505054019081776 0.7263584616147829 0.5505976913210774 0.7263672111312764 0.5586951688755879 0.7263672111312764 0.5543612654980762 0.7157531760435571 0.5505054019081776 0.7263584616147829
17 0.5507118426678068 0.726286146400484 0.546387345019239 0.7156279491833031 0.5419170585720394 0.7263877797943133 0.5507118426678068 0.726286146400484
17 0.4450265070542967 0.7728917120387174 0.4407387772552373 0.7619758015728978 0.4365472424112869 0.7729122807017543 0.4450265070542967 0.7728917120387174
17 0.42809020949123566 0.7730127041742286 0.43658657545959817 0.7728917120387174 0.4325840102607953 0.7622583182093163 0.42809020949123566 0.7730127041742286
17 0.45365156049593847 0.7495384150030249 0.44916631038905513 0.7389189352692075 0.4450692603676786 0.7495384150030249 0.45365156049593847 0.7495384150030249
17 0.44526891834117144 0.749659407138536 0.44112868747327927 0.7390399274047187 0.4364587430525866 0.7500629159104658 0.44526891834117144 0.749659407138536
16 0.28293031209918773 0.10806654567453115 0.27810047028644724 0.10802359346642468 0.2781308251389483 0.10905505142165758 0.2886404446344592 0.10909800362976407 0.2886707994869603 0.10819540229885058 0.2837199657973493 0.10806654567453115 0.2837473279179136 0.09959165154264973 0.2829799059427106 0.09970901391409558 0.28293031209918773 0.10806654567453115
17 0.44584352287302276 0.12812280701754386 0.44165198802907224 0.1160562613430127 0.43746088071825573 0.1280423472474289 0.44584352287302276 0.12812280701754386
17 0.42907823856348876 0.12824379915305506 0.4373236425823001 0.12809013914095585 0.43349764856776407 0.11666182698124623 0.42907823856348876 0.12824379915305506
17 0.5221111586147927 0.15068784029038113 0.5177203933304833 0.13874289171203874 0.5135006412997007 0.15060738052026618 0.5221111586147927 0.15068784029038113
17 0.5050324925181702 0.15056684815486993 0.5133817870884994 0.15047368421052632 0.509566053869175 0.13902540834845736 0.5050324925181702 0.15056684815486993
17 0.6584677212483968 0.16322383545069571 0.6543822146216332 0.17467211131276467 0.6629730654125695 0.17472534785238963 0.6584677212483968 0.16322383545069571
17 0.6457229585292861 0.17468481548699336 0.6542766139375803 0.17456382335148216 0.6542112013681061 0.1745511191772535 0.6503420265070544 0.16322383545069571 0.6457229585292861 0.17468481548699336
17 0.5680299273193674 0.3474984875983061 0.564087216759299 0.35864065335753176 0.5725348439504063 0.3587174833635814 0.5680299273193674 0.3474984875983061
17 0.5553133817870886 0.3587985480943739 0.5639162035057718 0.3585801572897761 0.559903805044891 0.3475795523290986 0.5553133817870886 0.3587985480943739
16 0.8195168875587859 0.7022946158499698 0.8147836682342883 0.7022546884452511 0.8147550235143225 0.7031016333938295 0.8252475416844807 0.7030211736237144 0.8252475416844807 0.7024156079854811 0.8201722958529286 0.7022141560798548 0.82009405728944 0.6937283726557774 0.8194882428388202 0.6937797943133697 0.8195168875587859 0.7022946158499698
15 0.8519375801624627 0.42631215970961883 0.8472612227447627 0.42635269207501514 0.8472330055579309 0.42715970961887473 0.8576968790081232 0.42715970961887473 0.8577255237280891 0.42635269207501514 0.8526502778965371 0.42627162734422264 0.85262932877298 0.4178663036902601 0.8519944420692604 0.4178372655777374 0.8519375801624627 0.42631215970961883
0 0.254296875 0.23828125 0.007421875 0.013671875
0 0.2703125 0.234375 0.006640625 0.01171875
0 0.270703125 0.290234375 0.0078125 0.0171875
0 0.46015625 0.12265625 0.023046875 0.009375
0 0.423828125 0.146484375 0.012109375 0.01015625
0 0.440234375 0.1453125 0.012890625 0.009765625
0 0.534765625 0.14609375 0.023046875 0.01015625
0 0.5640625 0.306640625 0.00390625 0.01015625
0 0.565625 0.3296875 0.009765625 0.011328125
0 0.5828125 0.352734375 0.01953125 0.010546875
0 0.64453125 0.28203125 0.006640625 0.00625
0 0.64453125 0.234765625 0.008203125 0.013671875
0 0.6609375 0.237890625 0.007421875 0.014453125
0 0.63671875 0.16875 0.01328125 0.010546875
0 0.205078125 0.424609375 0.0078125 0.01796875
0 0.1734375 0.485546875 0.0078125 0.01328125
13 0.18984375 0.5125 0.006640625 0.03125
13 0.2046875 0.540234375 0.006640625 0.030078125
0 0.254296875 0.540625 0.007421875 0.013671875
0 0.1234375 0.675 0.009375 0.009765625
0 0.09140625 0.67578125 0.003515625 0.009765625
0 0.270703125 0.603515625 0.007421875 0.012109375
0 0.270703125 0.551171875 0.006640625 0.011328125
0 0.270703125 0.516796875 0.00703125 0.011328125
0 0.455859375 0.7671875 0.01484375 0.01015625
0 0.466015625 0.74453125 0.023046875 0.01015625
0 0.476953125 0.72109375 0.009375 0.009375
0 0.395703125 0.72109375 0.008984375 0.009765625
0 0.56953125 0.72109375 0.01796875 0.008984375
0 0.573828125 0.698046875 0.009375 0.01015625
0 0.577734375 0.675 0.008984375 0.01015625
0 0.629296875 0.698046875 0.003515625 0.009375
0 0.633203125 0.675390625 0.0125 0.009375
0 0.635546875 0.65234375 0.0125 0.01015625
0 0.644921875 0.612109375 0.006640625 0.0140625
0 0.67734375 0.615234375 0.006640625 0.0125
0 0.6609375 0.575 0.00703125 0.012109375
0 0.676953125 0.534375 0.00625 0.012890625
0 0.644921875 0.528125 0.00703125 0.01171875
0 0.709765625 0.578515625 0.006640625 0.005859375
0 0.709765625 0.55234375 0.00625 0.0109375
0 0.709765625 0.516015625 0.00703125 0.0109375
0 0.839453125 0.56953125 0.006640625 0.0125
0 0.7921875 0.675390625 0.0125 0.01171875
0 0.757421875 0.6765625 0.008984375 0.011328125
0 0.884765625 0.67578125 0.003515625 0.012109375
3 0.287471996579735 0.19462855414398064 0.2925177426250535 0.1877622504537205 0.2835429670799487 0.17511857229280098 0.2785224454895255 0.1822419842710224 0.287471996579735 0.19462855414398064
0 0.30234375 0.104296875 0.01875 0.009375
12 0.225390625 0.23125 0.00703125 0.0140625
8 0.152734375 0.375390625 0.00390625 0.010546875
8 0.185546875 0.675390625 0.003515625 0.009765625
0 0.23515625 0.790234375 0.019140625 0.009765625
19 0.2796875 0.72734375 0.00546875 0.015625
10 0.34609918768704573 0.6264216575922565 0.3498503634031638 0.6179334543254689 0.34202351432236006 0.612016333938294 0.33826293287729803 0.6199376890502117 0.34609918768704573 0.6264216575922565
3 0.2875173150919197 0.4315692679975801 0.2924031637451903 0.4251264367816092 0.28406327490380506 0.4124978826376286 0.2785857203933305 0.4193617664851785 0.2875173150919197 0.4315692679975801
8 0.32421875 0.306640625 0.00390625 0.009765625
8 0.396875 0.376171875 0.003515625 0.009375
8 0.45390625 0.306640625 0.004296875 0.009765625
10 0.6259726378794357 0.4249540229885057 0.619039760581445 0.42009134906231094 0.6173693886276187 0.42528796128251667 0.6238311244121421 0.4302946158499698 0.6259726378794357 0.4249540229885057
8 0.67265625 0.375390625 0.003515625 0.008984375
8 0.421484375 0.422265625 0.00390625 0.009375
10 0.6290136810602822 0.6224476709013913 0.6356353142368534 0.6172940108892921 0.6331603249251818 0.6121851179673321 0.6270119709277469 0.6180925589836661 0.6290136810602822 0.6224476709013913
19 0.641015625 0.746875 0.005859375 0.015625
0 0.836328125 0.6984375 0.01484375 0.01015625
19 0.887109375 0.531640625 0.00546875 0.015234375
19 0.880859375 0.477734375 0.01015625 0.00703125
0 0.86875 0.42265625 0.013671875 0.009765625