11 0.169140625 0.198046875 0.009375 0.01875
5 0.17265625 0.700390625 0.028515625 0.013671875
5 0.415234375 0.70078125 0.02734375 0.013671875
2 0.40280718255664816 0.6328287961282517 0.39660324925181706 0.6421560798548094 0.41188456605386925 0.6647828191167574 0.41887216759298845 0.6548088324258923 0.40280718255664816 0.6328287961282517
5 0.44296875 0.482421875 0.02265625 0.015234375
0 0.3046875 0.362890625 0.0171875 0.015625
0 0.273828125 0.398046875 0.015625 0.0140625
0 0.255078125 0.4328125 0.0140625 0.01796875
0 0.21015625 0.430859375 0.00625 0.01484375
0 0.133203125 0.558984375 0.010546875 0.019921875
0 0.157421875 0.602734375 0.010546875 0.016015625
0 0.180859375 0.615625 0.01015625 0.006640625
0 0.28125 0.66640625 0.01484375 0.0140625
0 0.454296875 0.58828125 0.0109375 0.0375
2 0.41180290722531004 0.4349376890502118 0.40533048311244124 0.4245644283121597 0.38958101752885854 0.4462262552934059 0.3971321077383498 0.4566001209921355 0.41180290722531004 0.4349376890502118
12 0.169140625 0.193359375 0.01015625 0.007421875
6 0.1765625 0.7 0.01796875 0.013671875
6 0.41953125 0.700390625 0.01796875 0.012890625
3 0.41162334330910655 0.664967332123412 0.4190679777682771 0.6546237144585603 0.4094467721248397 0.6422565033272838 0.40280718255664816 0.650745311554749 0.41162334330910655 0.664967332123412
3 0.41206840530141087 0.4340580762250454 0.4047858058999573 0.4248626739261948 0.3965335613510047 0.43670417422867513 0.4037451902522446 0.44595099818511796 0.41206840530141087 0.4340580762250454
6 0.4484375 0.48125 0.012109375 0.013671875