2 0.17229569456066512 0.5255187545217266 0.16319541910087101 0.5394082081188257 0.17041171417991646 0.5483610134569729 0.17924923187372338 0.5346262333026848 0.17229569456066512 0.5255187545217266
9 0.350290338705413 0.3435521982490143 0.353968736108716 0.35573397812598306 0.36713241704679106 0.34890636408254216 0.363228970900413 0.3362508851905768 0.350290338705413 0.3435521982490143
11 0.563671875 0.17734375 0.021875 0.01484375
18 0.643025300126984 0.6092387575880739 0.6517660179894404 0.6305246817069553 0.6689350216177344 0.5860682062109933 0.6699474704197848 0.5860971420616592 0.6697814733613027 0.6033138626678369 0.7055000080360039 0.6039359870547185 0.7053887732813391 0.5856982973242496 0.7108583944777209 0.5852782776524741 0.7110038200917925 0.585867107631279 0.7108947551827037 0.5839490951829722 0.6686828820608699 0.5845794342025387 0.6588523490484759 0.6088560234550104 0.643025300126984 0.6092387575880739
18 0.7252404806659691 0.6100250592297254 0.724283313428268 0.6091100300394194 0.7223887220342828 0.608411052035628 0.7205578426824475 0.6086426985405915 0.7190685869320602 0.6096004302029965 0.7178720950051182 0.6111525444131182 0.7175596771970754 0.6148190939806897 0.7146647598006124 0.6080130868670764 0.7139141794974411 0.6081595989518425 0.7224973880598929 0.6281124554443418 0.7395713547046437 0.584550891588366 0.750788568702432 0.5844624215527561 0.7507958418345005 0.5832855441907097 0.739268372442974 0.5833537738588156 0.7268637056503813 0.6140576263989386 0.7265902169515371 0.6118654003066585 0.7252404806659691 0.6100250592297254
17 0.5118979620118319 0.453742980982899 0.5049942674064933 0.43801626633983204 0.4985379576790295 0.45370551102795664 0.5118979620118319 0.453742980982899
17 0.5611577792863451 0.5559150861963886 0.5545712721599244 0.5405018233265741 0.5482960746394318 0.5561395880860881 0.5611577792863451 0.5559150861963886
17 0.34597074735983535 0.42274439248536383 0.33933520798175837 0.4074320434693159 0.3327318317136402 0.4233218332074216 0.34597074735983535 0.42274439248536383
17 0.8072209105560555 0.2819598997406418 0.8005348659589983 0.2664735446084968 0.7942765315251747 0.28198615633007973 0.8072209105560555 0.2819598997406418
18 0.6014942607582104 0.22587183794372154 0.6023819024914235 0.22474373342944715 0.6029548545147809 0.22290831554656426 0.6029200093937626 0.22091203990039912 0.6026088380941818 0.21926309375116432 0.6020083535850842 0.2183606529640723 0.6013494110078185 0.21757340130153646 0.6003914067333833 0.21699148576560284 0.5992558309093869 0.21661193054133862 0.6027793078444701 0.21401177715836406 0.6026162495204399 0.21275919486326825 0.5921088577504154 0.22186743293285577 0.5987704288025844 0.22749893057649023 0.6153941166282162 0.24045148111059372 0.6157600233147204 0.2605481987391315 0.6163071699431681 0.26035221541823744 0.6159061816722999 0.23970066000245657 0.601258258515987 0.22794040177313626 0.600222666638111 0.22694934620511856 0.6014942607582104 0.22587183794372154
18 0.5268441311745914 0.22069247119448915 0.5257223474558035 0.222280910014788 0.5250492456291032 0.22414672510235062 0.5251875273976907 0.22628358547539812 0.5261498700796191 0.22829189307651773 0.527321929264236 0.22958373376454028 0.5285386986750076 0.22999009323457634 0.5252752815047883 0.2324715385222893 0.5253748974906631 0.23355376130561617 0.5359265402841943 0.22467693668623356 0.512519086087337 0.20607278632625037 0.5122270938887853 0.19412522893230463 0.5117472304343181 0.19417465441293308 0.5120066929836351 0.20673552791931402 0.5281999930120568 0.21981788400246577 0.5274762795699347 0.21994468520276816 0.5268441311745914 0.22069247119448915
0 0.257421875 0.21640625 0.01171875 0.01328125
0 0.30859375 0.215625 0.0046875 0.01484375
0 0.096484375 0.4046875 0.01015625 0.01875
0 0.120703125 0.45625 0.01015625 0.0171875
0 0.144921875 0.473046875 0.01015625 0.01640625
0 0.2640625 0.603515625 0.01328125 0.0140625
0 0.263671875 0.569921875 0.0125 0.01484375
0 0.309765625 0.56953125 0.01875 0.0140625
0 0.389453125 0.58515625 0.01953125 0.015625
0 0.359765625 0.494140625 0.01015625 0.0078125
10 0.3618438715805055 0.3511435088546969 0.3673977041323867 0.34893123775911666 0.3627589190637231 0.3358751067392306 0.35807426078792526 0.33914034679262933 0.3618438715805055 0.3511435088546969
3 0.17581079017725995 0.5398636112469778 0.17916843399108556 0.5345528139396292 0.1723236059064015 0.5255935246209769 0.1690608247605358 0.5307615586687928 0.17581079017725995 0.5398636112469778
19 0.69921875 0.597265625 0.0125 0.0140625
12 0.568359375 0.17734375 0.0125 0.0140625