11 0.180859375 0.23828125 0.009375 0.016796875
7 0.38203125 0.6390625 0.01484375 0.0140625
18 0.6750471584038694 0.5862240273621206 0.6653249697702539 0.609774690038478 0.6497046553808948 0.6104164172723386 0.6578712212817412 0.6301184266780676 0.6757926239419588 0.5871393758016247 0.6766726118500604 0.5872231722958531 0.676793530834341 0.6037781103035486 0.7117291414752116 0.6054809747755452 0.7118703143893592 0.5868379649422831 0.7174727932285369 0.5868661821291151 0.7175335550181379 0.5860397605814451 0.6750471584038694 0.5862240273621206
0 0.15703125 0.527734375 0.009375 0.01640625
0 0.180859375 0.5453125 0.009375 0.00546875
0 0.27421875 0.448046875 0.011328125 0.012890625
0 0.25 0.4140625 0.004296875 0.012890625
0 0.333203125 0.414453125 0.012109375 0.01328125
0 0.333984375 0.44765625 0.011328125 0.0125
0 0.333203125 0.380859375 0.012890625 0.012890625
12 0.180859375 0.23359375 0.009375 0.0078125
8 0.3859375 0.63828125 0.005859375 0.014453125
19 0.69375 0.598828125 0.03671875 0.01640625