7 0.14765625 0.381640625 0.0109375 0.01015625
7 0.18515625 0.680859375 0.0109375 0.0109375
14 0.240234375 0.795703125 0.053125 0.0234375
15 0.22109375 0.7953125 0.01171875 0.01640625
9 0.6374010204640962 0.6146963203571472 0.631159355342714 0.601295649438133 0.6249521342913854 0.6082410938639762 0.6313290590724006 0.6197389328777169 0.6374010204640962 0.6146963203571472
7 0.4171875 0.4234375 0.01015625 0.01015625
7 0.39140625 0.378125 0.0109375 0.01015625
2 0.29134571486457167 0.42910440585721216 0.2778638892198898 0.40942865346847784 0.27247835962127864 0.4169043027636922 0.28674296381163533 0.4356158537061062 0.29134571486457167 0.42910440585721216
9 0.33409341867506726 0.6176744320062318 0.3487498886226141 0.6293169662742703 0.3524817192002262 0.6209983012747621 0.337634500982566 0.6098679459602209 0.33409341867506726 0.6176744320062318
9 0.6251344310531135 0.4218017732385553 0.6183458072670878 0.41721658840684006 0.6128775829464482 0.4309293556101129 0.6197818730637432 0.43488992211640215 0.6251344310531135 0.4218017732385553
7 0.3171875 0.309765625 0.0109375 0.01015625
11 0.220703125 0.2390625 0.00703125 0.02421875
2 0.28757879575992323 0.19223025932833226 0.2736428193297605 0.17250313899370245 0.26838236273079763 0.17979508928257754 0.28206618385148624 0.19818218361617373 0.28757879575992323 0.19223025932833226
14 0.2953125 0.1078125 0.0515625 0.02109375
7 0.447265625 0.307421875 0.0109375 0.009375
7 0.6671875 0.37265625 0.0109375 0.009375
14 0.840234375 0.692578125 0.04765625 0.021875
14 0.867578125 0.416015625 0.0484375 0.021875
17 0.926953125 0.23125 0.01015625 0.01328125
18 0.23363833774736778 0.19518177902656753 0.23239879095773763 0.19513625453212852 0.23107610790187177 0.19576621003927075 0.23072539301226236 0.19752516983904464 0.22968629601093266 0.19531852808863964 0.22878134621587237 0.19533432404606926 0.23331236722617224 0.20651587299988022 0.24215908728054863 0.18383957143462548 0.2513958207244854 0.18347693351592262 0.2513952821208082 0.18347626540876813 0.2513962382359195 0.18347691712425354 0.2518431102338503 0.18345937274752777 0.25186442998387226 0.18379605004944458 0.2520703674848976 0.18393642295733126 0.2518561829229282 0.18259149880462444 0.2416161865409397 0.1827702386063368 0.23582049478805445 0.19736907364259873 0.23508618828203706 0.1962353158974266 0.23363833774736778 0.19518177902656753
18 0.2347120613298499 0.28405860900577173 0.23582853243040872 0.2847452175828691 0.23721163760691372 0.2843677245394716 0.2381576036189931 0.28344363339626194 0.23844740688959004 0.2816736357561521 0.23923595536911463 0.283979644141588 0.24052099892937284 0.28410847683031626 0.23570895668856368 0.273803714248407 0.22697568247897007 0.29609564222049467 0.21726423149582078 0.29620283578645934 0.2172320291167665 0.29722412200534165 0.22756440134992414 0.29714420854693474 0.23319655985728308 0.2829753952920944 0.2335420826970293 0.28236431133845985 0.2347120613298499 0.28405860900577173
18 0.2963416011829131 0.768379233645843 0.28025337126233724 0.7556496037394954 0.2864750719309489 0.7552905116787274 0.2863098521686507 0.7237532016764657 0.2796647657454462 0.7236677094990356 0.2795386727427501 0.719652964721998 0.27847719601035215 0.7197162667767042 0.27902060760498615 0.7559191933694891 0.28816801599353103 0.7634527714960068 0.28855303894063256 0.7753934240772902 0.2963416011829131 0.768379233645843
18 0.6484941884433487 0.7358581345094507 0.6414432613221922 0.7358922661341398 0.641222554447636 0.7297397060413836 0.6320046584400985 0.7226508620052459 0.6319141102760322 0.7110941183172159 0.6241615856094549 0.7177966825558025 0.6400146826472678 0.7307004365671246 0.6408709020717462 0.7720856260436288 0.6419604227650482 0.7720121536344837 0.6418751390358202 0.767861164695001 0.6481078923696619 0.767841314346892 0.648621416069658 0.7359448565089876 0.6484941884433487 0.7358581345094507
18 0.8999329604429208 0.5624852596245787 0.8839898669378247 0.5493495261150438 0.890255831987847 0.549542074650444 0.8902916766112261 0.5172751916602365 0.8833345127983849 0.5173161573799115 0.883234247890235 0.5134092662283826 0.882612687748263 0.5133208869368922 0.8826448599957175 0.5498764072531344 0.8920370532815636 0.5571763976207939 0.8921334703867776 0.5688244018434101 0.8999329604429208 0.5624852596245787
18 0.8492043644124514 0.476914126625818 0.8544268713605208 0.4882705669721683 0.8629424682723359 0.4657809559790459 0.8630286571841588 0.47436878152113693 0.8856993205980259 0.4744571058833082 0.8853678937244501 0.46526850815572984 0.8884237145125278 0.4651576885866119 0.8884894102321924 0.46568777824832824 0.8884266484639545 0.46412541724626355 0.8626344573174862 0.46447457779475065 0.8575408670878707 0.4768188318152369 0.8492043644124514 0.476914126625818
1 0.6258720455646832 0.8074598578902613 0.6326455720211668 0.797559736443033 0.6544609599601887 0.7973495723281924 0.6545635755692302 0.8065845176693518 0.6681002990139249 0.8061086323620164 0.667565384513155 0.7866830673758808 0.6543662544321822 0.7869999816031349 0.6545270319550056 0.7962109197167716 0.6326734469299385 0.7965355004962753 0.6258039863255485 0.7874416628814103 0.6258720455646832 0.8074598578902613
17 0.6594369815221606 0.6448341762899481 0.6554663006925697 0.6558821683825795 0.6643037745060213 0.6557279097033643 0.6594369815221606 0.6448341762899481
17 0.6556941411464039 0.6558781914126646 0.6513791782274095 0.645071029169612 0.6473975619250149 0.6559824702020439 0.6556941411464039 0.6558781914126646
17 0.6526655461815458 0.6912812673290729 0.6489133643303959 0.7022310572663638 0.6572178702525489 0.7021399512781689 0.6526655461815458 0.6912812673290729
17 0.6489163604359957 0.7019617564597815 0.644448639792669 0.6914180383824695 0.6403078619317115 0.7021525568997206 0.6489163604359957 0.7019617564597815
17 0.5581183981324831 0.7147715808899042 0.5544482095634581 0.7254425453233073 0.5545406376203512 0.7254496828348632 0.5626368818898091 0.7253083623654651 0.5581183981324831 0.7147715808899042
17 0.5546533568066481 0.7253666382349234 0.5501435066102954 0.7147855372034029 0.5458616859463936 0.7256217462960622 0.5546533568066481 0.7253666382349234
17 0.44979749685540826 0.7738095690513588 0.44531991119228287 0.7629701523347221 0.441319882618141 0.7739781181545278 0.44979749685540826 0.7738095690513588
17 0.4328658903764235 0.774226121907795 0.44135885070317127 0.7739568661678523 0.4371713168035167 0.7633949462504768 0.4328658903764235 0.774226121907795
17 0.45801366542811695 0.7503093008977121 0.4533437629700826 0.7397697169699331 0.4494326724257359 0.7504590826877173 0.45801366542811695 0.7503093008977121
17 0.4496344115942771 0.7505765718834383 0.4453094758271326 0.7400309665396717 0.4408326203371503 0.7511337779589479 0.4496344115942771 0.7505765718834383
16 0.2818504552006855 0.1128462727618305 0.2818650528647175 0.11194327913624842 0.2769127243528776 0.11190084609917146 0.2767921750091559 0.1034267651998663 0.2760269181718437 0.1035575030566747 0.2761231909227991 0.1119146274564565 0.2712933350989673 0.11195597415252304 0.271341686751735 0.11298674524649029 0.2818504552006855 0.1128462727618305
17 0.43936161925011596 0.12912460656529415 0.43496013253781846 0.11713305105380752 0.43097884959574156 0.1291904563274952 0.43936161925011596 0.12912460656529415
17 0.4226009999785115 0.12953817482892366 0.430842466445369 0.1292406360778126 0.42681760359954957 0.11788083730796757 0.4226009999785115 0.12953817482892366
17 0.5160114531935003 0.15035514929729166 0.511412888546549 0.138488649412787 0.5074008430852915 0.15042497602940777 0.5160114531935003 0.15035514929729166
17 0.49893327665652204 0.15053223941159372 0.5072796736538254 0.1502933743742641 0.5032647216258013 0.1389134358670598 0.49893327665652204 0.15053223941159372
17 0.6525660313447911 0.1605094850133514 0.6486809469238264 0.1720273191697081 0.6572714183923034 0.1719306165815047 0.6525660313447911 0.1605094850133514
17 0.6444415741861155 0.16065129794056254 0.6400232313965363 0.17219114626579762 0.6485734724377565 0.17192089068726463 0.6485078481125214 0.1719093300546919 0.6444415741861155 0.16065129794056254
17 0.5653580476551915 0.34633442837582606 0.5616103951944599 0.35754370691639714 0.5700580766395211 0.3574730937976949 0.5653580476551915 0.34633442837582606
17 0.5528406521629345 0.35785470213905485 0.5614383521851172 0.3574862046552924 0.5572345778031267 0.34655730114876065 0.5528406521629345 0.35785470213905485
16 0.8287412129459655 0.6973139002254115 0.8287306443683227 0.6967084268177579 0.823652655700759 0.6965955808472541 0.8234263317121264 0.688112455300303 0.8228215069616498 0.6881744420461455 0.8229987514450837 0.6966874668148881 0.8182655561835197 0.6967301515587145 0.8182516970537564 0.69757746743277 0.8287412129459655 0.6973139002254115
15 0.8563711616881655 0.4209281322341121 0.8563857176472242 0.42012073768363817 0.8513098300255653 0.4201282605524182 0.8511421909680154 0.41172458268257905 0.8505068941756742 0.41170662929349644 0.8505979482261227 0.42018122503506083 0.8459230104276225 0.4203033649174812 0.8459088819365824 0.4211107520064731 0.8563711616881655 0.4209281322341121
0 0.249609375 0.242578125 0.0078125 0.0140625
0 0.265625 0.23828125 0.00703125 0.01171875
0 0.2671875 0.294140625 0.0078125 0.0171875
0 0.453515625 0.1234375 0.0234375 0.01015625
0 0.417578125 0.148046875 0.0125 0.01015625
0 0.433984375 0.146484375 0.01328125 0.01015625
0 0.528515625 0.145703125 0.0234375 0.0109375
0 0.560546875 0.30546875 0.00390625 0.01015625
0 0.5625 0.328515625 0.01015625 0.01171875
0 0.580078125 0.351171875 0.01953125 0.0109375
0 0.640625 0.2796875 0.00703125 0.00625
0 0.63984375 0.232421875 0.00859375 0.0140625
0 0.65625 0.23515625 0.0078125 0.01484375
0 0.630859375 0.16640625 0.01328125 0.0109375
0 0.20390625 0.4296875 0.0078125 0.01796875
0 0.173046875 0.49140625 0.0078125 0.01328125
13 0.190234375 0.51796875 0.00703125 0.03125
13 0.20546875 0.5453125 0.00703125 0.03046875
0 0.255078125 0.544921875 0.0078125 0.0140625
0 0.1265625 0.681640625 0.009375 0.01015625
0 0.09453125 0.6828125 0.00390625 0.01015625
0 0.27265625 0.607421875 0.0078125 0.0125
0 0.271484375 0.555078125 0.00703125 0.01171875
0 0.27109375 0.520703125 0.00703125 0.01171875
0 0.460546875 0.76796875 0.01484375 0.01015625
0 0.4703125 0.744921875 0.0234375 0.0109375
0 0.480859375 0.721484375 0.009375 0.009375
0 0.399609375 0.723046875 0.009375 0.01015625
0 0.5734375 0.719921875 0.01796875 0.009375
0 0.57734375 0.696875 0.009375 0.01015625
0 0.580859375 0.6734375 0.009375 0.01015625
0 0.6328125 0.695703125 0.00390625 0.009375
0 0.636328125 0.673046875 0.0125 0.009375
0 0.63828125 0.65 0.0125 0.01015625
0 0.646875 0.609375 0.00703125 0.0140625
0 0.679296875 0.612109375 0.00703125 0.0125
0 0.662109375 0.572265625 0.00703125 0.0125
0 0.67734375 0.53125 0.00625 0.01328125
0 0.6453125 0.52578125 0.00703125 0.01171875
0 0.7109375 0.575 0.00703125 0.00625
0 0.710546875 0.548828125 0.00625 0.0109375
0 0.71015625 0.5125 0.00703125 0.0109375
0 0.840625 0.563671875 0.00703125 0.0125
0 0.7953125 0.6703125 0.0125 0.01171875
0 0.760546875 0.671875 0.009375 0.01171875
0 0.887890625 0.669140625 0.00390625 0.0125
3 0.2730105355546212 0.18615569665396584 0.2821748990366382 0.19838418878927913 0.2871000430676701 0.1914308704595665 0.2779059718142246 0.17894574942256844 0.2730105355546212 0.18615569665396584
0 0.2953125 0.1078125 0.01875 0.009375
12 0.220703125 0.2359375 0.00703125 0.0140625
8 0.15078125 0.381640625 0.00390625 0.0109375
8 0.188671875 0.680859375 0.00390625 0.01015625
0 0.240234375 0.794921875 0.01953125 0.01015625
19 0.28359375 0.73125 0.00546875 0.015625
10 0.3403807675124647 0.6227421229906378 0.3483289896769715 0.6290883424889819 0.3519314544975245 0.6205359649734499 0.3440025294938106 0.6147563431436518 0.3403807675124647 0.6227421229906378
3 0.27721211163487347 0.4232382600774368 0.28635539628630713 0.43528802450741677 0.2911280578921748 0.42876090474935874 0.2825690405966192 0.4162798251250437 0.27721211163487347 0.4232382600774368
8 0.320703125 0.309765625 0.00390625 0.01015625
8 0.394921875 0.378125 0.00390625 0.009375
8 0.450390625 0.307421875 0.0046875 0.01015625
10 0.6225957376370512 0.428144081204775 0.6246437187442369 0.4227669271780493 0.617627031995307 0.4180259892530307 0.6160476078357837 0.4232509620142645 0.6225957376370512 0.428144081204775
8 0.6703125 0.372265625 0.00390625 0.009375
8 0.4203125 0.423828125 0.00390625 0.009375
10 0.6290536257259801 0.6158579083759073 0.6311310381716347 0.6201774223301904 0.6376617190722299 0.6149089838119972 0.6350979442376997 0.6098440635185699 0.6290536257259801 0.6158579083759073
19 0.6453125 0.74453125 0.00625 0.015625
0 0.83984375 0.692578125 0.01484375 0.01015625
19 0.8875 0.525 0.00546875 0.015625
19 0.88046875 0.47109375 0.01015625 0.00703125
0 0.8671875 0.41640625 0.0140625 0.01015625