11 0.143359375 0.623828125 0.01171875 0.03203125
18 0.1956152159721877 0.6696809283864951 0.20015422991804316 0.6726662259122766 0.2021859964789483 0.6706433008017454 0.20270267621321408 0.6671811313941569 0.20437658571941034 0.6725783783013211 0.20557110464785153 0.6727607778123935 0.1994165601442006 0.6564282531483243 0.18549543170340738 0.6893905582597059 0.17095236223425442 0.6892450124944421 0.17097005775461188 0.6901420096650072 0.18624220764980315 0.6904085860330211 0.19474576806909025 0.6704728925921584 0.19608114144534 0.6675096608521033 0.1956152159721877 0.6696809283864951
18 0.20387336178067056 0.5772078230061869 0.20318006750655093 0.5760654828231169 0.20201136994410646 0.576045083131283 0.2005289108561191 0.5760192067116486 0.19931819592557576 0.5767646755395778 0.19863780700945188 0.5781655976649965 0.19803418536202322 0.5800924405717132 0.19654441480565615 0.5755860203235319 0.1953435505074213 0.5757671468044673 0.20150814466443814 0.5918178922670935 0.21541827375720457 0.5590937859764106 0.22398073887672781 0.5590556779837074 0.22394184482165316 0.5580258042215652 0.21475985752149773 0.5579865426030775 0.20516093216563477 0.5802168383998971 0.20493966235000793 0.57819512493274 0.20387336178067056 0.5772078230061869
0 0.171875 0.340234375 0.01015625 0.0171875
0 0.290625 0.208984375 0.01484375 0.01484375
0 0.285546875 0.51171875 0.01171875 0.01484375
0 0.32421875 0.5125 0.01875 0.015625
0 0.166796875 0.640625 0.0109375 0.009375
12 0.143359375 0.616015625 0.0109375 0.01875
18 0.6121956647182227 0.5889074995521576 0.6131166582227163 0.5888370529988823 0.6129993864250531 0.6060892975660799 0.648765953866651 0.6083611641792113 0.6482378580866516 0.5894500958228643 0.65424160853029 0.5897285418388902 0.6539428603689171 0.5879075636274083 0.6117967461119383 0.5871664549911104 0.6015676440920623 0.61117912760156 0.5852605668067187 0.6110675316181441 0.5937894723578634 0.6317658134847036 0.6121956647182227 0.5889074995521576
19 0.642578125 0.601171875 0.0125 0.0140625