5 0.108203125 0.14765625 0.021875 0.0140625
5 0.275 0.690234375 0.02265625 0.015625
11 0.542578125 0.112109375 0.02109375 0.01328125
14 0.437890625 0.733203125 0.0765625 0.02890625
7 0.624609375 0.400390625 0.01640625 0.01796875
7 0.604296875 0.56796875 0.015625 0.015625
14 0.661328125 0.2125 0.07578125 0.02890625
18 0.5180825750750385 0.13181872199671005 0.5188734545322601 0.13377895412442697 0.5197672426992413 0.13509188837303485 0.5184224024821087 0.13597620520380413 0.518025209280116 0.13772071463996366 0.5259686047436902 0.13169724861158527 0.5107497525342506 0.11860750316935302 0.5110337160765411 0.09972373427376739 0.5100677362000858 0.09991383058971079 0.5095540990093073 0.11882608798454167 0.5193348723793147 0.1283376959888869 0.518309881562766 0.12929301834535356 0.5180825750750385 0.13181872199671005
18 0.559130693793567 0.13541295585789204 0.5600502107323652 0.1346456460750832 0.5606764860527627 0.13337421057241122 0.5608057281744891 0.1317379099731514 0.5602316608437633 0.13001835175072324 0.5592450559284383 0.12886115353909683 0.561334324380906 0.12740188314524187 0.5607515569621485 0.1261807526323273 0.5533517472809656 0.1321192077705695 0.5685722903142516 0.14533726220397294 0.5684640396757282 0.16432201818103725 0.5688229805464017 0.16447452212185382 0.568890279582161 0.16172752281963215 0.5692462472352647 0.14420947680527627 0.5609150350079805 0.13701167686751842 0.559130693793567 0.13541295585789204
18 0.5745814160950216 0.27858684260787714 0.5618886693551758 0.2676607950710098 0.5621727876674114 0.2513836678644408 0.5510756042926591 0.25957474007088155 0.5740164513247226 0.2793770174539127 0.5727473828517571 0.3402341679212295 0.5735798715704337 0.3398972132968826 0.5735949720784285 0.33439001129997253 0.5828069329869592 0.3350737593466312 0.5844628801789367 0.2891371339534981 0.5743546048682149 0.2892424806043866 0.5745814160950216 0.27858684260787714
18 0.5227721023835653 0.5790777061920613 0.5076819544842023 0.5663224511392416 0.5076111732113884 0.5657007705735693 0.5147235634047588 0.5658531392912903 0.5144492065003569 0.5515533129736095 0.5078800741525549 0.5514386483419565 0.5079302719336811 0.5476967569855493 0.5072905437777664 0.5476949976507518 0.5069640425430569 0.5669718420447889 0.5154182512777497 0.5738438210298369 0.515600885541136 0.5853613748439109 0.5227721023835653 0.5790777061920613
18 0.44422910401072413 0.8480535943829208 0.46277331749087536 0.8050290837183475 0.46389624132835217 0.8050798990997547 0.463420580162983 0.8230982838105294 0.5063011251724829 0.824358601623975 0.5064452516279372 0.8057088537002437 0.5123070263623045 0.8058855734559108 0.5123272033148356 0.8050414190841974 0.4625878992574929 0.8039598447710992 0.452092689251152 0.8280860388273161 0.43647025806142964 0.8279843875802048 0.44422910401072413 0.8480535943829208
18 0.39481359249710724 0.8330640521367165 0.3942580936169591 0.8304365993254621 0.39306760402251595 0.828419362980539 0.3913989745904676 0.8273105513412242 0.3891542880969325 0.8274022152600219 0.38805943071449134 0.8278739872547755 0.38629202798188655 0.8297737432651774 0.38546290236214276 0.833555488167975 0.38302970018804183 0.8272298876467706 0.3821737541372118 0.8272478721188292 0.38992168099122815 0.8471112135653996 0.4084776709003175 0.8040355966680657 0.4275971587188051 0.8042671325854058 0.42763428829578964 0.8035430016354018 0.40817282654006926 0.8031049529572638 0.39822280602905624 0.8258590933563557 0.39522206627550394 0.8334966423408483 0.39481359249710724 0.8330640521367165
18 0.3194733942839897 0.8459409703048586 0.33800079703064123 0.802822949787356 0.3389407094069853 0.8028444871980212 0.33842175130544544 0.8207624857635926 0.37391312345637695 0.8222247861375724 0.3745154441028481 0.8034975163713745 0.379843210665162 0.8034357223128463 0.3798875084077697 0.8026993161341247 0.33773842443742685 0.8018494324015768 0.32731923243632244 0.8259508698632055 0.3114797657668251 0.8257599105958817 0.3194733942839897 0.8459409703048586
1 0.5260356595497889 0.10532073764998118 0.5265884160985288 0.07751597449324157 0.5165984301338205 0.09048682432096618 0.4834784811655635 0.09000364027482703 0.4837111824052213 0.07667219518340236 0.46448969702283127 0.0762216589763371 0.464156067855812 0.10370142395450119 0.4831609922379091 0.10422600295840243 0.4834379456062313 0.09097486356695006 0.5165768216818998 0.09172477170239964 0.5260356595497889 0.10532073764998118
0 0.304296875 0.1078125 0.01328125 0.01328125
13 0.304296875 0.14140625 0.03203125 0.0140625
13 0.344921875 0.17578125 0.03125 0.0140625
0 0.399609375 0.143359375 0.01171875 0.0140625
0 0.43515625 0.261328125 0.01015625 0.03515625
0 0.148828125 0.291796875 0.009375 0.00625
0 0.12265625 0.416796875 0.01015625 0.02734375
0 0.14609375 0.449609375 0.01015625 0.00625
0 0.14453125 0.5375 0.01015625 0.01796875
13 0.432421875 0.40859375 0.01015625 0.04375
0 0.457421875 0.340625 0.009375 0.01796875
0 0.480859375 0.35625 0.009375 0.01796875
0 0.501171875 0.649609375 0.0046875 0.01328125
0 0.50078125 0.68359375 0.0046875 0.0140625
0 0.637890625 0.25703125 0.009375 0.01640625
0 0.56875 0.1796875 0.0046875 0.0140625
6 0.112109375 0.14765625 0.0125 0.01328125
12 0.546875 0.1125 0.0125 0.0140625
0 0.661328125 0.212109375 0.0265625 0.01328125
15 0.6306418350290114 0.22198756487890298 0.6310643528046233 0.22308788110437913 0.6409532347625262 0.20196567127939086 0.6405007172857803 0.2013022644262469 0.6306418350290114 0.22198756487890298
15 0.6252476999996384 0.22204093130112462 0.6257381299095197 0.22281874105517208 0.6353940185962086 0.2021230557644246 0.6349255844130567 0.20093385282369822 0.6252476999996384 0.22204093130112462
19 0.580078125 0.299609375 0.0078125 0.02109375
8 0.629296875 0.4 0.00625 0.0140625
8 0.609765625 0.56796875 0.0046875 0.01328125
15 0.40723094643764 0.7427449908576678 0.4077380458040438 0.7437629742015184 0.41774652550289887 0.7224923373756592 0.41691057941655163 0.722265229547671 0.40723094643764 0.7427449908576678
15 0.4017737111931264 0.7426373341126322 0.4023233383490769 0.7436265555019326 0.4121568196190246 0.72275095804636 0.4114556273855353 0.7220267675889895 0.4017737111931264 0.7426373341126322
0 0.437890625 0.7328125 0.0265625 0.01328125
6 0.279296875 0.689453125 0.0125 0.0140625
19 0.36796875 0.81484375 0.0125 0.0140625
19 0.496875 0.817578125 0.01953125 0.01328125
19 0.511328125 0.558984375 0.00546875 0.01484375