18 0.251171875 0.2625 0.02265625 0.02734375
11 0.29765625 0.170703125 0.03125 0.01796875
18 0.337109375 0.23046875 0.02109375 0.021875
2 0.3607932246823039 0.22945554096639847 0.3460548777780644 0.24978182826256642 0.355441101307253 0.2605597366335387 0.36888579215112527 0.24212954039547802 0.3607932246823039 0.22945554096639847
9 0.46509241089759634 0.466400171428717 0.42972473648667664 0.48522351400949965 0.4336734798100707 0.4994880720190216 0.468729971350652 0.48129542846414164 0.46509241089759634 0.466400171428717
5 0.153125 0.67578125 0.03828125 0.01796875
18 0.5796875 0.65 0.0265625 0.0453125
18 0.6322493360666173 0.6253495305168292 0.6235697555947647 0.6495390991053328 0.6041101289908295 0.6491994300594823 0.6151756644423247 0.6785874736232487 0.636846895087877 0.6291207907669321 0.6322493360666173 0.6253495305168292
0 0.199609375 0.436328125 0.0140625 0.0265625
0 0.16171875 0.436328125 0.01171875 0.02734375
0 0.27890625 0.22109375 0.025 0.01875
0 0.53125 0.177734375 0.01875 0.01953125
0 0.56875 0.22421875 0.00625 0.0171875
0 0.63515625 0.4421875 0.0125 0.0234375
12 0.30390625 0.1703125 0.02109375 0.0234375
3 0.36234395033826544 0.22814262255115686 0.3575169960826469 0.23380802180708468 0.3661012373890744 0.2458306000109476 0.37053689023194447 0.24016168388570272 0.36234395033826544 0.22814262255115686
6 0.158984375 0.676171875 0.02578125 0.01875
10 0.44487225113526846 0.49378180200233474 0.4688788879886239 0.4811909982115112 0.4647487235688009 0.46580641656242217 0.44030136119972785 0.479271765820255 0.44487225113526846 0.49378180200233474