11 0.145703125 0.630078125 0.0109375 0.03203125
18 0.18961308251389483 0.6958554143980641 0.19776742197520308 0.6757743496672717 0.19905087644292435 0.6727882637628554 0.19862291577597266 0.674967332123412 0.20321333903377514 0.6778729582577132 0.20520949123557078 0.6758148820326679 0.20566566908935444 0.6723442226255293 0.20743351859769135 0.6777114337568059 0.20863103890551518 0.6778729582577132 0.20219238991021804 0.6616503327283727 0.18884865327062847 0.6948505747126437 0.17430525865754598 0.6949588626739263 0.17433860624198377 0.6958554143980641 0.18961308251389483 0.6958554143980641
18 0.21581530568619067 0.5629558378705385 0.20660581445061993 0.585350272232305 0.20634929457032922 0.5833327283726558 0.20526592560923476 0.5823641863278887 0.20455280034202655 0.5812341197822142 0.20338392475416844 0.5812341197822142 0.20190123984608807 0.5812341197822142 0.20070371953826424 0.5820006049606776 0.20004788371098764 0.5834131881427707 0.1994779820436084 0.585350272232305 0.19790979050876445 0.580870538415003 0.1967122702009406 0.5810725952813067 0.20315604959384354 0.5970133091349064 0.21649294570329203 0.5640514216575923 0.22505344164172722 0.5638638838475499 0.2249965797349295 0.5628348457350272 0.21581530568619067 0.5629558378705385
0 0.169140625 0.34609375 0.01015625 0.016796875
0 0.285546875 0.2125 0.014453125 0.01484375
0 0.2859375 0.515625 0.01171875 0.01484375
0 0.324609375 0.515625 0.01875 0.015625
0 0.169140625 0.646484375 0.0109375 0.008984375
12 0.1453125 0.622265625 0.0109375 0.018359375
18 0.6034925181701583 0.609389594676346 0.5871859769132108 0.609562613430127 0.5960748182984182 0.63010889292196 0.613730226592561 0.586935874168179 0.6146498503634031 0.5868493647912886 0.614833689610945 0.6041010284331518 0.6506344591705858 0.6057483363581367 0.6497764001710133 0.5868493647912886 0.6557840957674219 0.5870229885057472 0.6554536126549808 0.5852075015124016 0.6133009833262079 0.5852020568663037 0.6034925181701583 0.609389594676346
19 0.644140625 0.598828125 0.0125 0.013671875