5 0.348046875 0.41015625 0.0234375 0.015625
18 0.6807199293858885 0.6274579757315724 0.6977062406776423 0.583534055786977 0.6989171874454599 0.5833123750490006 0.6987958603586351 0.6004727281642388 0.7417115615528032 0.6008281181167199 0.7414497577670511 0.5823997821653498 0.7472735080232573 0.5823656887514405 0.7471910666643667 0.5816957985039196 0.6969876618548214 0.5825866405352974 0.6877091623732098 0.6070511444023527 0.672211447869489 0.6074905593276001 0.6807199293858885 0.6274579757315724
0 0.304296875 0.165234375 0.0125 0.015625
0 0.364453125 0.164453125 0.01875 0.01484375
0 0.165234375 0.271875 0.01015625 0.00703125
0 0.30859375 0.4515625 0.01328125 0.015625
0 0.1703125 0.59140625 0.01015625 0.01796875
0 0.44453125 0.601171875 0.01171875 0.0359375
7 0.58359375 0.597265625 0.01484375 0.0140625
0 0.512109375 0.418359375 0.01171875 0.0140625
0 0.53046875 0.447265625 0.0046875 0.01484375
6 0.352734375 0.41015625 0.01484375 0.0171875
8 0.58828125 0.597265625 0.00703125 0.01484375
19 0.73125 0.594921875 0.02109375 0.01484375