5 0.371484375 0.08671875 0.05703125 0.021875
7 0.348046875 0.1796875 0.01484375 0.01328125
9 0.17237232227401317 0.29555768611710065 0.1615860531307139 0.306219823489846 0.16686145608782527 0.3163055635846335 0.17765270861638677 0.30535792826142616 0.17237232227401317 0.29555768611710065
9 0.1731068710199743 0.4162095712820367 0.16099046733531833 0.406581036422397 0.15652315768001548 0.41920795856733395 0.16940402555985415 0.4291596242481127 0.1731068710199743 0.4162095712820367
5 0.353515625 0.570703125 0.021875 0.01796875
9 0.22536854802665024 0.6866710228684844 0.2302755524654935 0.6958149208679856 0.25107624135395923 0.6745661162071506 0.24565915670194 0.6644397847208874 0.22536854802665024 0.6866710228684844
2 0.15601350581166962 0.7536886034293202 0.13731056498489197 0.7791047200894076 0.14334890846407866 0.7872736588327403 0.16205817183947693 0.76279366926121 0.15601350581166962 0.7536886034293202
14 0.518359375 0.189453125 0.0734375 0.028125
2 0.6602778787894085 0.14043515119127487 0.6420344565522044 0.11365654070862545 0.6361983264414779 0.12317682583462179 0.6534070524948349 0.1483333805757848 0.6602778787894085 0.14043515119127487
9 0.6620169852869496 0.34108710963183003 0.6551221500398363 0.348401043957533 0.6713446623991209 0.3769970510926092 0.6783240502524989 0.3680237226196989 0.6620169852869496 0.34108710963183003
14 0.5125 0.51484375 0.0734375 0.02734375
14 0.692578125 0.550390625 0.0734375 0.028125
18 0.371700347401505 0.1342629325349332 0.3787131091106752 0.13418083288934182 0.3859523437351159 0.11656765027601593 0.39723466446217154 0.11695154524132771 0.39142357567457575 0.10191196298856146 0.3778747342499868 0.13304564116049394 0.33631836234094226 0.13229970019441933 0.33627338661892814 0.13362700610219297 0.33984671307060765 0.13370692527948771 0.3397116112417596 0.14661578940835912 0.3718306856619936 0.14749589783205574 0.371700347401505 0.1342629325349332
18 0.5938177671576135 0.28483385505421094 0.5720555690763606 0.266143280678445 0.5812998675920099 0.26596883618858336 0.5823449201601942 0.22106553533607318 0.5728025515843174 0.22089897267301223 0.5727358942464602 0.21575183484542468 0.5720992836395574 0.2157225711810462 0.5710925852576985 0.26685556039355474 0.5834918884461462 0.2774492521236631 0.5830981675675757 0.2934647836922576 0.5938177671576135 0.28483385505421094
18 0.5672351347133284 0.34828884454923825 0.5795504108086033 0.35899300435453546 0.5793531037636606 0.3749756611695469 0.5898692384419857 0.3664902056134626 0.5685811414887523 0.34738660835494717 0.5776345039380902 0.3472741767692944 0.5786805517353792 0.3027793039488449 0.5692458263103337 0.30254564418134716 0.5692692731283768 0.296768403973097 0.5681397458346511 0.29646370811790146 0.5672351347133284 0.34828884454923825
18 0.5797872413691068 0.46644060464604725 0.5794122513477401 0.482191450023416 0.5906580651227012 0.47337366937120284 0.5688981408451379 0.45482229683573544 0.5776870627908196 0.4549654221408358 0.5791134294979022 0.409676097864687 0.5696738896159085 0.4097182581510255 0.5696648174540431 0.40389325620112715 0.5696386633786519 0.4037748143781867 0.5685320323523819 0.40389768547682925 0.5681738525307194 0.4330652657304686 0.5674823265205529 0.45541231738008675 0.5797872413691068 0.46644060464604725
18 0.7081547453135909 0.6457136753013135 0.726383798056124 0.6046256792300624 0.7271057910121822 0.6047363002224534 0.7267898484604831 0.6207053902432209 0.7610905392460804 0.6227852803558861 0.7609206734175071 0.6046392011754613 0.7665267838453624 0.6048671425554313 0.766564855149648 0.603837402122974 0.725807980542128 0.6030733486342157 0.7158503793022234 0.6260095309011395 0.7004104840387813 0.625456256749546 0.7081547453135909 0.6457136753013135
18 0.7766218533378189 0.6471302224531156 0.7945061951539066 0.6055806046492475 0.795256311387792 0.6056723548447179 0.7949625128486298 0.6226020502319237 0.8367234804055869 0.623948749571559 0.8366713186060698 0.6063105490885109 0.8421807059141975 0.6063964299035784 0.8421890311682647 0.6048905987274775 0.7940958142280475 0.6038103174768261 0.784057531205875 0.6269592801398336 0.7685843003052771 0.6270909489689559 0.7766218533378189 0.6471302224531156
18 0.8521389084322466 0.6482940890813182 0.8697978414413787 0.6069686416690117 0.8706480817950739 0.606762638386628 0.8703452566762391 0.6241114778255124 0.9121104577355122 0.625264634155595 0.9121004522793994 0.6075140246350419 0.9175608074616404 0.6075917889572082 0.9172573777409984 0.6058675374816105 0.8698966079173165 0.6049603801428936 0.8594006794051678 0.6283609222382431 0.8438743804399274 0.6282502486816687 0.8521389084322466 0.6482940890813182
17 0.43313656482377133 0.2203597495864857 0.43317760570331937 0.20294281013955412 0.4217735361113283 0.21132219038858238 0.43313656482377133 0.2203597495864857
17 0.4066724265689281 0.35230576250082485 0.40693141358042617 0.33474922979705957 0.3954207233841916 0.3434310905500245 0.4066724265689281 0.35230576250082485
17 0.4287078991243196 0.4120267140406414 0.4289757774458378 0.39467121407484057 0.41765582350419955 0.40315552660194276 0.4287078991243196 0.4120267140406414
17 0.5519810741368648 0.5907074588990476 0.5648343246535791 0.5909971589269991 0.5586604337649551 0.5755525141250117 0.5519810741368648 0.5907074588990476
0 0.24921875 0.087109375 0.01328125 0.0125
13 0.249609375 0.119921875 0.03046875 0.0125
0 0.248046875 0.15234375 0.01171875 0.0140625
0 0.1703125 0.118359375 0.00390625 0.01328125
0 0.159765625 0.150390625 0.02421875 0.01328125
0 0.223046875 0.184375 0.01171875 0.01328125
0 0.15078125 0.22734375 0.009375 0.00859375
0 0.4265625 0.2328125 0.009375 0.00625
0 0.079296875 0.366796875 0.009375 0.0171875
0 0.100390625 0.463671875 0.009375 0.0171875
0 0.102734375 0.34765625 0.01015625 0.0203125
0 0.125390625 0.362109375 0.01015625 0.01640625
0 0.1265625 0.2921875 0.01015625 0.03515625
0 0.15 0.2703125 0.00859375 0.0171875
0 0.35546875 0.33984375 0.00859375 0.015625
13 0.379296875 0.3484375 0.01015625 0.0421875
0 0.401953125 0.320703125 0.009375 0.0171875
13 0.42421875 0.369140625 0.009375 0.04296875
0 0.379296875 0.298046875 0.009375 0.015625
0 0.608203125 0.126171875 0.01171875 0.0140625
0 0.610546875 0.15859375 0.003125 0.01328125
1 0.5941357158411684 0.1195625687645879 0.5947425221138759 0.09266222588611636 0.5852140593519144 0.10527038635041874 0.5529423612989721 0.10470708176556079 0.5531641430591787 0.09200121323292007 0.5345978412038591 0.0914859405342682 0.5341393789999945 0.117996193481402 0.5527475093730045 0.11851582661652608 0.5529659020089122 0.10600412088494116 0.5851434244636684 0.10669586798707517 0.5941357158411684 0.1195625687645879
0 0.65546875 0.272265625 0.01015625 0.02421875
0 0.655078125 0.303125 0.00859375 0.015625
18 0.6316507977716046 0.41993576178759573 0.6317755111918991 0.41043921428976243 0.6196023911117574 0.39989545461557763 0.6198789267617304 0.3840527378390887 0.609042868198294 0.3922514411160401 0.6312598432905511 0.4112222274275757 0.630406642608874 0.46142490448849677 0.6309617234895738 0.46134807090661534 0.630975373132246 0.4569895085744594 0.6403282000910596 0.45699121367066925 0.6411823835706333 0.42030361882898754 0.6316507977716046 0.41993576178759573
0 0.572265625 0.548046875 0.00234375 0.0125
0 0.57109375 0.580859375 0.00390625 0.0125
0 0.2328125 0.5421875 0.0109375 0.0125
0 0.240625 0.607421875 0.0125 0.01328125
0 0.24453125 0.640625 0.01328125 0.0140625
0 0.193359375 0.639453125 0.01171875 0.0125
0 0.241796875 0.575 0.01171875 0.0125
0 0.190234375 0.57421875 0.0171875 0.01328125
0 0.151953125 0.60625 0.02421875 0.0140625
6 0.35390625 0.085546875 0.0046875 0.01640625
8 0.352734375 0.1796875 0.00546875 0.0140625
19 0.36484375 0.1421875 0.0140625 0.0109375
19 0.578125 0.23125 0.0078125 0.02109375
0 0.51796875 0.18984375 0.02578125 0.01328125
15 0.48849292196117877 0.19910119784175082 0.489623556002097 0.19968544742276556 0.4988086951072762 0.17987298070284466 0.4980798833756751 0.17885466144323486 0.48849292196117877 0.19910119784175082
15 0.4927431671472816 0.17869979332630143 0.48355331916535044 0.19878203141466746 0.48375652775940364 0.20019716668633677 0.4935865684159685 0.17940003980663394 0.4927431671472816 0.17869979332630143
19 0.574609375 0.312890625 0.0078125 0.02109375
19 0.575390625 0.419921875 0.0078125 0.02109375
19 0.6375 0.430078125 0.0078125 0.02109375
10 0.6603664259545794 0.35769785689024247 0.6713731062470074 0.3772292828157234 0.6782805108085243 0.3682153694358277 0.667415030774859 0.3499279765772584 0.6603664259545794 0.35769785689024247
15 0.6721069838467117 0.5402505857416215 0.6627440885258108 0.5606928349754698 0.6637305786050938 0.5608141233106204 0.6730001617134447 0.5408918008455317 0.6721069838467117 0.5402505857416215
15 0.6576908783522742 0.5605864792788939 0.6585664170546657 0.5606459307203836 0.6676743796400921 0.5408454280415602 0.6668732608839396 0.5401235326505182 0.6576908783522742 0.5605864792788939
0 0.692578125 0.55078125 0.02578125 0.01328125
0 0.5125 0.515234375 0.025 0.0140625
15 0.48301422432687763 0.5245137034782568 0.48388724270139205 0.5251339949007001 0.4931301481899464 0.5052947040665701 0.4925310766297721 0.5040947133697464 0.48301422432687763 0.5245137034782568
15 0.4870766895038784 0.504140483997718 0.47780232466684874 0.5241407748124964 0.47872910793530093 0.524963487297055 0.487983986218108 0.5044382755395692 0.4870766895038784 0.504140483997718
19 0.75546875 0.615625 0.01171875 0.01328125
19 0.826953125 0.6171875 0.01953125 0.01328125
19 0.903125 0.618359375 0.01796875 0.01328125
3 0.14944184076250894 0.7798216914088452 0.16242455851994353 0.7629688743040853 0.15595113678266212 0.7528767439816255 0.14334303331797532 0.7708542376330886 0.14944184076250894 0.7798216914088452
10 0.23693701301162196 0.68915702560929 0.25143937774569725 0.6746335651122795 0.2455830741232048 0.6641686031323412 0.2323492853378537 0.6789677238406864 0.23693701301162196 0.68915702560929
10 0.16477776576642184 0.4252198456330955 0.16917175799343226 0.429041820070614 0.17367491398614054 0.4159780704297102 0.169302416848789 0.41308038686183723 0.16477776576642184 0.4252198456330955
6 0.358984375 0.570703125 0.0125 0.01640625
10 0.17350066229727407 0.3095752785882723 0.17742950181540418 0.3053334603760015 0.17249381926764015 0.2953583242626121 0.16864715483267312 0.2994242963670955 0.17350066229727407 0.3095752785882723