5 0.351171875 0.4046875 0.0234375 0.015625
18 0.6761616204840443 0.633687366356235 0.6946705068731812 0.5903830173917995 0.6958884525111306 0.5902037331284693 0.6951683116465298 0.6073493983659806 0.738045466824599 0.6092023081968161 0.7384269621724071 0.5907760614694332 0.7442483546002959 0.5909452347771731 0.7441893422949383 0.5902728754467584 0.6939854301046157 0.5894111012406353 0.683858783962155 0.6135368870308809 0.6683551748876411 0.6134351718402097 0.6761616204840443 0.633687366356235
0 0.316015625 0.15859375 0.0125 0.015625
0 0.376171875 0.159765625 0.01875 0.01484375
0 0.1734375 0.26015625 0.01015625 0.00703125
0 0.31015625 0.444921875 0.01328125 0.015625
0 0.1671875 0.5796875 0.01015625 0.01796875
0 0.44140625 0.598828125 0.01171875 0.0359375
7 0.58046875 0.600390625 0.01484375 0.0140625
0 0.515234375 0.419140625 0.01171875 0.0140625
0 0.53203125 0.448046875 0.0046875 0.01484375
6 0.355859375 0.405078125 0.01484375 0.0171875
8 0.58515625 0.600390625 0.00703125 0.01484375
19 0.727734375 0.602734375 0.02109375 0.01484375