5 0.265625 0.54296875 0.02265625 0.015625
14 0.4296875 0.53203125 0.075 0.0265625
9 0.4765785973397823 0.42240615647712704 0.4575462515114873 0.45013253527148356 0.46361789600967346 0.4583843522873023 0.4832342805320435 0.432143223599829 0.4765785973397823 0.42240615647712704
14 0.4296875 0.229296875 0.075 0.028125
11 0.509375 0.16171875 0.02109375 0.01328125
18 0.500587968561064 0.2827712697734075 0.4849848851269649 0.2696618212911501 0.4918742442563482 0.2696070970500214 0.4914226118500604 0.2548704574604532 0.48495646916565904 0.25517272338606245 0.4850003022974607 0.2512736212056435 0.48406348246674724 0.2510641299700727 0.4839404474002419 0.27033988884138527 0.4927862756952841 0.27742496793501503 0.4928784764207981 0.2892475416844805 0.500587968561064 0.2827712697734075
18 0.5303727327690447 0.19369944420692606 0.5306402660217654 0.19214749893116717 0.530613361547763 0.19093672509619494 0.5301590084643288 0.1898011970927747 0.5297578597339783 0.18889311671654557 0.5290087666263603 0.18821162890123988 0.5307203748488513 0.1869247541684481 0.5305332527206772 0.18560025651988035 0.5230985489721887 0.19161778537836685 0.5385831318016929 0.20439888841385206 0.5386230350665054 0.22309576742197526 0.5393050181378476 0.223424967935015 0.5391178960096735 0.20372851646002568 0.5290622732769045 0.1952509619495511 0.52978446191052 0.19475887131252673 0.5303727327690447 0.19369944420692606
18 0.48839177750906887 0.1899187687045746 0.4880087666263604 0.19088841385207359 0.4881097339782346 0.192913210773835 0.48867382103990326 0.19394014536126553 0.4890970374848851 0.19499529713552805 0.49008464328899637 0.195194955109021 0.48790810157194675 0.19704873877725526 0.48829111245465534 0.19844634459170588 0.49560671100362763 0.19160410431808464 0.48014903264812575 0.17900598546387347 0.4801390568319226 0.16016802052159043 0.4795042321644498 0.16001496365968365 0.47938331318016925 0.17970927746900384 0.48966142684401454 0.18806498503634037 0.48921795646916566 0.18852116289012405 0.48839177750906887 0.1899187687045746
18 0.5002820435308343 0.47790808037622917 0.4850166263603385 0.46492603676784955 0.4918234582829504 0.4645882855921334 0.49156136638452236 0.4503672509619497 0.48500967351874247 0.45056690893544254 0.48499879081015723 0.4465639162035058 0.48412091898428056 0.4463095339888842 0.4840492744860943 0.46541385207353575 0.49290024183796854 0.4728174433518599 0.4930078597339782 0.48432920051303985 0.5002820435308343 0.47790808037622917
1 0.5231928657799274 0.25674005985463877 0.5332197702539299 0.24291834117144084 0.5709912333736396 0.24268319794784093 0.5708252720677146 0.25542368533561355 0.5902333736396614 0.25579991449337325 0.5901544740024184 0.2288110303548525 0.5709350060459493 0.22877811030354853 0.570901753325272 0.24161265498076104 0.5331296856106409 0.24165968362548101 0.5233923821039903 0.22788456605386923 0.5231928657799274 0.25674005985463877
0 0.24375 0.128125 0.01328125 0.0140625
13 0.244140625 0.16171875 0.03125 0.0140625
0 0.298046875 0.16171875 0.0125 0.01328125
0 0.265234375 0.195703125 0.025 0.01328125
0 0.1453125 0.30625 0.009375 0.00625
0 0.121484375 0.3671875 0.009375 0.01875
0 0.1453125 0.42734375 0.009375 0.00625
0 0.5125 0.53203125 0.0125 0.0140625
0 0.538671875 0.4984375 0.0046875 0.0140625
0 0.40703125 0.346484375 0.009375 0.01875
0 0.430859375 0.333203125 0.009375 0.01796875
0 0.4546875 0.2953125 0.009375 0.015625
0 0.512109375 0.1953125 0.0125 0.0125
6 0.271484375 0.541796875 0.01171875 0.01328125
0 0.4296875 0.53203125 0.0265625 0.0125
15 0.4095828295042322 0.521497648567764 0.4090855501813785 0.5216088071825566 0.3996106408706167 0.5428956819153485 0.40023579201934706 0.5430953398888414 0.40962968561064084 0.5225224454895255 0.4095828295042322 0.521497648567764
15 0.4038996372430471 0.5215404018811458 0.40348337363966136 0.5216511329628047 0.3943917775090689 0.5422270200940573 0.39467412333736396 0.5432530996152203 0.403886638452237 0.5225929884566055 0.4038996372430471 0.5215404018811458
10 0.47009703748488507 0.4489833262077812 0.4834174727932285 0.43186703719538266 0.4764546553808948 0.4224527575887132 0.46388301088270867 0.44056263360410436 0.47009703748488507 0.4489833262077812
19 0.4890625 0.457421875 0.0046875 0.0140625
7 0.554296875 0.394140625 0.0140625 0.0125
8 0.55859375 0.39453125 0.00546875 0.01171875
19 0.4890625 0.262109375 0.0046875 0.0140625
0 0.43046875 0.229296875 0.02734375 0.0125
15 0.40961305925030234 0.21841941000427534 0.40903174123337366 0.21857075673364687 0.3995571342200725 0.23969003847798204 0.40008131801692864 0.24020265070542965 0.4096970979443773 0.21931594698589146 0.40961305925030234 0.21841941000427534
15 0.3941877267230955 0.23964771269773405 0.39479262394195885 0.24007481829841812 0.40392442563482467 0.2197289439931595 0.40370284159613057 0.21836126549807613 0.3941877267230955 0.23964771269773405
12 0.513671875 0.16171875 0.0125 0.015625