7 0.4125 0.244140625 0.01484375 0.01484375
7 0.43359375 0.41328125 0.01640625 0.01484375
2 0.7138465467236748 0.4888514307444047 0.7330628768414571 0.46345954857879124 0.727162783567916 0.4538728602789547 0.7069510343287472 0.4790455409608766 0.7138465467236748 0.4888514307444047
14 0.754296875 0.351171875 0.078125 0.03203125
18 0.5378965046832143 0.5958290372907286 0.5446522645011508 0.596025637596665 0.5525320685911248 0.5776058432418292 0.564467888216811 0.5779924922224133 0.5583149646679242 0.5624167255192873 0.5442719608872503 0.5948452421511519 0.5070929617715949 0.594245881705678 0.5070612273372898 0.5947994951228653 0.5106033012036143 0.5950524586740021 0.5104872649740901 0.6082995653124146 0.5374236237827978 0.6097215749291155 0.5378965046832143 0.5958290372907286
18 0.7005276552838906 0.44236436214751046 0.6907386094567689 0.4424030168639736 0.690839883971324 0.4323399767944143 0.6782649894768198 0.4215040716175169 0.6783007245212915 0.4052880313985249 0.6675288456272493 0.4134454427759602 0.690022281414968 0.4330192698649742 0.6893898778592296 0.48554893970897456 0.689856319443781 0.48569177492873583 0.6903195747299209 0.4859478680701138 0.6904145988992043 0.48007090585699874 0.6997567272905428 0.48015657802973954 0.7005276552838906 0.44236436214751046
1 0.48528895541752737 0.5613990383400945 0.46462587632521196 0.5609323185846635 0.47419018698020965 0.5750851481069089 0.4732411167902667 0.6285393167277995 0.4642545406516083 0.6284884998260746 0.46366936233813466 0.6555871599312841 0.48296887591979054 0.6557072418765694 0.4834408562480827 0.6288233982105443 0.47455045146930885 0.6286151934337638 0.4752393201262294 0.5750504386099621 0.48528895541752737 0.5613990383400945
16 0.7331910871193388 0.3581280865463916 0.733268762295839 0.35715964951999324 0.7259728009073892 0.35697542747178324 0.7261524009463015 0.3441399246725304 0.7258485572987264 0.3444510437736708 0.7255686051368897 0.35702524277682623 0.7183530426259829 0.356842424096244 0.7182349703428353 0.35783880507188287 0.7331910871193388 0.3581280865463916
0 0.140234375 0.12734375 0.0109375 0.01953125
13 0.236328125 0.24140625 0.03125 0.01640625
0 0.183203125 0.274609375 0.0125 0.0140625
13 0.278125 0.27578125 0.03203125 0.0140625
0 0.2765625 0.342578125 0.0140625 0.0140625
13 0.27578125 0.376171875 0.03203125 0.01484375
13 0.233984375 0.408984375 0.03203125 0.01484375
0 0.181640625 0.375 0.01328125 0.01328125
0 0.133203125 0.51328125 0.0109375 0.0203125
0 0.5609375 0.5546875 0.0109375 0.00859375
0 0.53828125 0.5125 0.0109375 0.0203125
0 0.632421875 0.3828125 0.0140625 0.015625
0 0.662109375 0.41640625 0.00625 0.01484375
8 0.437890625 0.412890625 0.00703125 0.015625
8 0.416796875 0.24453125 0.00546875 0.01328125
19 0.5296875 0.60390625 0.01484375 0.01015625
3 0.7201773268665042 0.4808311540259843 0.7335248096033503 0.4632717716424731 0.7267291253229875 0.4543288072590014 0.7136914864932111 0.4715797408658459 0.7201773268665042 0.4808311540259843
19 0.696484375 0.453125 0.0078125 0.02109375
0 0.754296875 0.351953125 0.02890625 0.0140625