5 0.349609375 0.407421875 0.023046875 0.015234375
18 0.6955163240628779 0.5860119709277469 0.6858122732769044 0.6103108165882857 0.6703092503022974 0.6104796921761437 0.6784679564691656 0.6305925609234716 0.6962182587666265 0.586971782813168 0.6974328899637243 0.5867712697734075 0.697012091898428 0.6039268918341172 0.739915054413543 0.6050312099187687 0.7399749093107617 0.586601111586148 0.7457983675937123 0.5866686618212913 0.7457276299879082 0.5859974348011971 0.6955163240628779 0.5860119709277469
0 0.31015625 0.16171875 0.0125 0.015625
0 0.3703125 0.162109375 0.018359375 0.014453125
0 0.169140625 0.266015625 0.009765625 0.006640625
0 0.309375 0.448046875 0.01328125 0.015234375
0 0.16875 0.585546875 0.01015625 0.017578125
0 0.44296875 0.6 0.0109375 0.0359375
7 0.58203125 0.598828125 0.01484375 0.0140625
0 0.513671875 0.41875 0.01171875 0.013671875
0 0.53125 0.44765625 0.004296875 0.014453125
6 0.354296875 0.407421875 0.014453125 0.016796875
8 0.58671875 0.598828125 0.006640625 0.014453125
19 0.7296875 0.598828125 0.02109375 0.01484375