5 0.101953125 0.1546875 0.021484375 0.0140625
5 0.278515625 0.694140625 0.022265625 0.015234375
11 0.5359375 0.111328125 0.020703125 0.012890625
14 0.441796875 0.734375 0.07578125 0.027734375
7 0.62265625 0.398046875 0.016015625 0.017578125
7 0.60546875 0.566015625 0.015234375 0.015625
14 0.65625 0.209765625 0.075 0.02734375
18 0.5029002418379686 0.11871740059854641 0.5128455259975816 0.12805686190679777 0.5118373639661427 0.12902992731936727 0.5116541717049576 0.13155921333903378 0.5124791414752117 0.13350534416417276 0.513395707376058 0.13480247969217615 0.5120665054413542 0.13571013253527148 0.5116998186215236 0.1374613082513895 0.5195368802902055 0.13130012825994014 0.5040918984280532 0.1184779820436084 0.5040462515114873 0.09959213339033776 0.5030837363966143 0.09979905942710562 0.5029002418379686 0.11871740059854641
18 0.5629761185006046 0.16057674219752033 0.563026299879081 0.1430551517742625 0.5545707376058041 0.13600384779820437 0.5527587666263604 0.13443651132962806 0.5536647521160821 0.1336532706284737 0.5542687424425635 0.1323710987601539 0.554369407496977 0.13073279179136382 0.5537654171704958 0.12902351432235998 0.5527587666263604 0.12788371098760157 0.5548222490931076 0.12638820008550664 0.5542182587666263 0.12517742625053443 0.5469232164449818 0.13124412141941003 0.5623721281741234 0.14419452757588716 0.5625952237001209 0.16317828131680207 0.5629567714631196 0.16332449764856777 0.5629761185006046 0.16057674219752033
18 0.579915961305925 0.33365369816160756 0.5807699516324062 0.2876951688755879 0.5706650544135429 0.28797691321077384 0.5707058645707376 0.2773189397178282 0.5578243651753325 0.2666160752458316 0.5578243651753325 0.2503364685763147 0.5468718258766626 0.2587199657973493 0.570154776299879 0.27811885421120136 0.5699480048367593 0.3389888841385208 0.5707744860943168 0.3386374519025225 0.5706934703748489 0.3331308251389483 0.579915961305925 0.33365369816160756
18 0.5081318016928658 0.5668401026079521 0.5167046553808948 0.573563488670372 0.5170882708585248 0.5850761008978196 0.524148730350665 0.5786682342881575 0.5088382708585248 0.566178281316802 0.5087566505441354 0.5655579307396323 0.5158706166868198 0.5655861479264643 0.5153467351874245 0.5512932877297991 0.5087766021765417 0.5512932877297991 0.5087614873035066 0.5475510902094912 0.5081218258766627 0.5475604959384353 0.5081318016928658 0.5668401026079521
18 0.46789842805320436 0.8045664814023088 0.4578258766626361 0.8288721675929885 0.44220405078597336 0.8290431808465157 0.4503119709794438 0.8489739204788371 0.46810247883917777 0.8056323215049167 0.46922611850060464 0.8056635314236853 0.4690649939540507 0.8236874732791792 0.5119610036275695 0.8241992304403591 0.5117796251511487 0.8055498076100898 0.5176435912938332 0.8056241983753741 0.5176490326481258 0.804779820436084 0.46789842805320436 0.8045664814023088
18 0.41347672309552597 0.8046613937580164 0.40392533252720675 0.8275857203933306 0.40105834340991536 0.8352744762719112 0.40064238210399034 0.8348490808037624 0.4000411124546554 0.8322317229585293 0.3988155985489722 0.8302355707567337 0.3971278718258767 0.8291560495938436 0.3948851269649335 0.829286874732792 0.3937986698911729 0.8297776827704147 0.3920646916565901 0.8317079948696025 0.39130169286577987 0.8355036340316374 0.3887584643288996 0.8292214621633176 0.38790296251511486 0.8292543822146217 0.39599637243047153 0.8489794784095768 0.41379776299879084 0.8055865754595983 0.4329183796856107 0.8054843950406158 0.43294286577992747 0.8047597263787944 0.41347672309552597 0.8046613937580164
18 0.34303113663845225 0.8046353142368534 0.3330341596130592 0.8289149209063703 0.3171937726723096 0.8290004275331337 0.3255383917775091 0.8490389055151775 0.3433104594921403 0.8056041043180848 0.3442506045949214 0.8056092347156906 0.34404443772672305 0.8235335613510048 0.3795559250302297 0.8243762291577598 0.37983131801692865 0.805641299700727 0.38515719467956466 0.8054865327062848 0.3851886336154776 0.8047494655835828 0.34303113663845225 0.8046353142368534
1 0.4762563482466747 0.10458016246259086 0.4763019951632407 0.09132620778110304 0.5094489117291415 0.09149764856776402 0.5191435912938331 0.10492646430098333 0.5192110036275694 0.07711628901239846 0.5094489117291415 0.09025951261222745 0.47632557436517536 0.09035442496793503 0.47632557436517536 0.07702094912355709 0.45709915356711006 0.07690594271056009 0.45724516324062875 0.104387345019239 0.4762563482466747 0.10458016246259086
0 0.29765625 0.111328125 0.012890625 0.01328125
13 0.298046875 0.144921875 0.031640625 0.013671875
13 0.339453125 0.178515625 0.03125 0.01328125
0 0.393359375 0.1453125 0.01171875 0.013671875
0 0.430859375 0.2625 0.009765625 0.034765625
0 0.1453125 0.298046875 0.009375 0.005859375
0 0.12109375 0.4234375 0.009375 0.02734375
0 0.1453125 0.455859375 0.009765625 0.005859375
0 0.1453125 0.54375 0.009765625 0.017578125
13 0.430859375 0.409765625 0.009375 0.04375
0 0.4546875 0.34140625 0.009375 0.017578125
0 0.478515625 0.356640625 0.009375 0.01796875
0 0.50390625 0.649609375 0.004296875 0.012890625
0 0.50390625 0.68359375 0.004296875 0.013671875
0 0.63359375 0.2546875 0.009375 0.016015625
0 0.56328125 0.178515625 0.004296875 0.013671875
6 0.105859375 0.154296875 0.012109375 0.01328125
12 0.540234375 0.11171875 0.0125 0.013671875
0 0.65625 0.209375 0.0265625 0.012890625
15 0.6262116082224909 0.22084266780675507 0.6357303506650545 0.19955109020949124 0.6352663240628778 0.19889568191534845 0.6257699516324063 0.21974989311671655 0.6262116082224909 0.22084266780675507
15 0.620881499395405 0.2206665241556221 0.6301747279322854 0.1998054724241129 0.6296856106408706 0.19862462590850793 0.6203775695284159 0.21989739204788378 0.620881499395405 0.2206665241556221
19 0.5765625 0.2984375 0.007421875 0.020703125
8 0.62734375 0.39765625 0.005859375 0.013671875
8 0.6109375 0.566015625 0.004296875 0.012890625
15 0.41200634824667465 0.7453360410431809 0.42164207980652957 0.7238939717828133 0.42080229746070125 0.7236814878153057 0.4114815598548972 0.7443270628473708 0.41200634824667465 0.7453360410431809
15 0.406590084643289 0.7452941427960668 0.41605773881499397 0.7242501068832835 0.41534401451027814 0.7235382642154768 0.406023276904474 0.7443146643864901 0.406590084643289 0.7452941427960668
0 0.441796875 0.733984375 0.0265625 0.012890625
6 0.2828125 0.693359375 0.012109375 0.0140625
19 0.3734375 0.8171875 0.012109375 0.013671875
19 0.50234375 0.817578125 0.01953125 0.01328125
19 0.5125 0.55859375 0.005078125 0.014453125