7 0.13515625 0.573828125 0.01640625 0.01640625
9 0.3130272330454124 0.6915107498872873 0.289641991415755 0.704243096338928 0.29264088751871176 0.7156746708395414 0.31646552456636334 0.7028543957163058 0.3130272330454124 0.6915107498872873
14 0.487109375 0.649609375 0.07578125 0.03125
15 0.46015625 0.64921875 0.01640625 0.02265625
2 0.24850181653400133 0.764070208405252 0.22870367797791177 0.7911099267514038 0.23573316301882324 0.8009709521685796 0.2534611321624399 0.7738672664507394 0.24850181653400133 0.764070208405252
9 0.7068997425105638 0.33832432643650445 0.6931348420979784 0.3081732725534102 0.6858590521958228 0.3137948801064039 0.6990508547228154 0.3440260834003698 0.7068997425105638 0.33832432643650445
2 0.6085752645238405 0.23151523013518868 0.5895435459738054 0.20234923763699814 0.5822648333769146 0.21171486108640725 0.6002424021807014 0.23848701592162486 0.6085752645238405 0.23151523013518868
18 0.6323163482838436 0.20430049986307663 0.6101449948135822 0.18558221185720866 0.6195081968795016 0.1856264517496889 0.6211263229148739 0.1402769440979125 0.6109507266549492 0.14005878986490003 0.6109857046912053 0.13523773440626408 0.6103904358788798 0.1354366922296865 0.6094588866134535 0.18672286143523978 0.6217850358876247 0.19709806229304294 0.621207313189662 0.213219291607339 0.6323163482838436 0.20430049986307663
18 0.3690667774834642 0.7314035015903789 0.38255999989568473 0.7003940985207908 0.3821713902607243 0.7129566828054785 0.4142422251972014 0.7136362817719432 0.4141297017579172 0.7007055487958678 0.41861051523173193 0.7010233626066773 0.4189082998062264 0.6985145659469743 0.3823457714884889 0.6981159655619413 0.37501454756658215 0.7155853550810496 0.3629975666318936 0.7153755978985934 0.3690667774834642 0.7314035015903789
18 0.5750322024703001 0.644126361966724 0.5929790177016467 0.602623213602628 0.5928772669834875 0.6188392735934302 0.6279655614535457 0.6206025525343475 0.6278146038600891 0.6025735785945907 0.6333668100313308 0.6029990364005122 0.6336328161447876 0.6011104692493219 0.5927895623776921 0.6001506860482843 0.5827303916234998 0.6232714516843914 0.5670763593012185 0.6230804967187021 0.5750322024703001 0.644126361966724
18 0.643305151720524 0.6452751119777954 0.6612763517603589 0.6031588656824616 0.6608814940577691 0.620562368599814 0.7032657844188701 0.6218176941511911 0.7031116616676816 0.6045334849971707 0.7088573708217661 0.604504900470717 0.7094826501459895 0.6027091270114422 0.6605651033023594 0.6021142306664115 0.650687351078935 0.6246403707786803 0.6352751961055354 0.6246291031185296 0.643305151720524 0.6452751119777954
1 0.6333136674475173 0.12102573049871332 0.6337983016642651 0.09326105481627608 0.6243890115502978 0.106096980152489 0.5992077255193988 0.10565743916984367 0.5993468535196415 0.09283637797841013 0.580532703623567 0.0925079757704049 0.5802819857294359 0.11899765279475213 0.5989948257051376 0.1193242866315194 0.5991504263403293 0.10712732243876193 0.624086668143565 0.10747061812833825 0.6333136674475173 0.12102573049871332
17 0.43068016085236305 0.7588217573114899 0.43111597853977407 0.74100692837608 0.41944962043526185 0.749861537256308 0.43068016085236305 0.7588217573114899
0 0.2546875 0.1515625 0.01875 0.01484375
0 0.32265625 0.12109375 0.0125 0.0125
0 0.321484375 0.153515625 0.0125 0.01328125
0 0.47265625 0.213671875 0.0109375 0.0078125
0 0.18046875 0.22890625 0.009375 0.02421875
0 0.425390625 0.288671875 0.009375 0.01796875
13 0.448046875 0.327734375 0.009375 0.0421875
13 0.4703125 0.3671875 0.009375 0.0421875
0 0.492578125 0.39609375 0.009375 0.02734375
0 0.21796875 0.31875 0.009375 0.0171875
13 0.196875 0.35703125 0.009375 0.04296875
13 0.178125 0.395703125 0.01015625 0.04375
0 0.26953125 0.608203125 0.0046875 0.01328125
0 0.314453125 0.608984375 0.01171875 0.01328125
0 0.275390625 0.640625 0.0046875 0.01328125
0 0.318359375 0.64140625 0.0125 0.01328125
0 0.440625 0.74921875 0.01015625 0.0171875
0 0.7015625 0.2828125 0.009375 0.015625
0 0.701953125 0.252734375 0.01015625 0.0046875
0 0.65 0.159765625 0.0109375 0.0140625
19 0.61640625 0.151953125 0.009375 0.02265625
3 0.5963272155245158 0.21225619171372495 0.5887485965626407 0.22123902731212047 0.6002624241551121 0.2385648121687324 0.6076245207363709 0.22993396822218398 0.5963272155245158 0.21225619171372495
10 0.6889501554692709 0.32312853076895187 0.6989440758880121 0.34529301535345375 0.708768286117451 0.3380338437752465 0.696983984863976 0.31626285506371105 0.6889501554692709 0.32312853076895187
19 0.40703125 0.708203125 0.01640625 0.01171875
10 0.3004026130244804 0.712124775474471 0.31738273367970365 0.7028782713477225 0.313038983190861 0.6900291806060892 0.29705886900437556 0.7001904332576165 0.3004026130244804 0.712124775474471
3 0.2415522600050845 0.79201004359607 0.25428184344038224 0.7740546371287725 0.24768889391190987 0.7640245560409401 0.2348494820792714 0.782123258125639 0.2415522600050845 0.79201004359607
8 0.139453125 0.5734375 0.00703125 0.01796875
5 0.422265625 0.605078125 0.02265625 0.01640625
6 0.426171875 0.6046875 0.01328125 0.01796875
0 0.487109375 0.64921875 0.02734375 0.015625
19 0.623046875 0.613671875 0.01328125 0.01484375
19 0.69375 0.614453125 0.02265625 0.0171875