7 0.136328125 0.580078125 0.01640625 0.015625
9 0.31639803334758443 0.6947447065940714 0.2932385634886704 0.7078832425892317 0.29643651132962806 0.7192607380520266 0.32003377511757164 0.7060266182698124 0.31639803334758443 0.6947447065940714
14 0.48984375 0.65 0.075 0.0296875
15 0.462890625 0.65 0.015625 0.02265625
2 0.25314878153056863 0.7684192377495462 0.23382556648140232 0.7958003629764066 0.2410260795211629 0.8055372050816697 0.2582783240701155 0.7781282516636419 0.25314878153056863 0.7684192377495462
9 0.7040466011115862 0.33473805202661827 0.6897575887131253 0.30483182093163946 0.6825810175288586 0.3105795523290986 0.696298418127405 0.3405759225650333 0.7040466011115862 0.33473805202661827
2 0.6038730226592561 0.22966122202056866 0.5843351859769133 0.20083182093163945 0.5772210346301838 0.21032304900181487 0.5956631038905515 0.23677737447065939 0.6038730226592561 0.22966122202056866
18 0.6271355280034203 0.2020362976406534 0.6046408721675931 0.18370780399274045 0.6140034202650706 0.18358862673926196 0.6148298418127405 0.13821778584392014 0.6046519880290723 0.1381772534785239 0.6046028217186833 0.13335632183908047 0.6040111158614793 0.1335656382335148 0.6039747755451048 0.18486025408348458 0.6164801197092775 0.19501875378100425 0.6161838392475417 0.21114761040532365 0.6271355280034203 0.2020362976406534
18 0.3731252672082087 0.7336533575317604 0.38607524583155195 0.7024131881427707 0.3859059427105601 0.7149806412583183 0.4179837537409149 0.7151004234724743 0.41764557503206506 0.7021736237144586 0.42213125267208207 0.7024131881427707 0.42238520735356994 0.6998995765275258 0.38582129115006414 0.7001391409558378 0.37879606669516896 0.7177338173018754 0.36677725523728094 0.7177338173018754 0.3731252672082087 0.7336533575317604
18 0.5775361265498076 0.6427949183303086 0.59475587858059 0.600984875983061 0.5949371526293288 0.617200241984271 0.6300508764429245 0.6183508771929824 0.6295852928601967 0.6003272837265577 0.6351440786660967 0.6006557773744706 0.6353770842240274 0.598762855414398 0.594523300555793 0.5985160314579552 0.5848691748610518 0.6218088324258922 0.5692141941000428 0.62189110707804 0.5775361265498076 0.6427949183303086
18 0.6458187259512613 0.6427519661222021 0.6630521590423257 0.6003284936479129 0.6629610944848225 0.6177362371445857 0.7053608379649423 0.6182516636418633 0.7049050876442925 0.60097277676951 0.7106494228302694 0.6008439201451906 0.7112432663531425 0.5990375075620085 0.6623227875160326 0.5992964307320024 0.6528396750748183 0.6219915305505143 0.6374296707994871 0.622249243799153 0.6458187259512613 0.6427519661222021
1 0.6266793501496367 0.11875680580762253 0.6266793501496367 0.09098790078644887 0.617495510902095 0.1039860859044162 0.5923103890551518 0.1039860859044162 0.5922257374946558 0.09116454930429523 0.5734087216759299 0.09116454930429523 0.5736203505771698 0.11765456745311553 0.5923360410431809 0.11765456745311553 0.5922787516032493 0.10545674531155473 0.6172171868319796 0.10536479128856624 0.6266793501496367 0.11875680580762253
17 0.43520778110303554 0.7599921355111918 0.43533262077811036 0.7421724137931034 0.42382257374946564 0.7512292800967937 0.43520778110303554 0.7599921355111918
0 0.248828125 0.155859375 0.01875 0.0140625
0 0.316015625 0.12421875 0.0125 0.0125
0 0.315625 0.156640625 0.0125 0.01328125
0 0.467578125 0.2140625 0.0109375 0.0078125
0 0.17578125 0.234375 0.00859375 0.02421875
0 0.421875 0.28984375 0.009375 0.01796875
13 0.444921875 0.328515625 0.009375 0.0421875
13 0.46796875 0.367578125 0.009375 0.0421875
0 0.490625 0.39609375 0.009375 0.02734375
0 0.21484375 0.323828125 0.009375 0.0171875
13 0.19453125 0.3625 0.009375 0.04296875
13 0.176171875 0.401171875 0.009375 0.04375
0 0.271484375 0.612109375 0.0046875 0.01328125
0 0.31640625 0.612109375 0.01171875 0.0125
0 0.277734375 0.64453125 0.0046875 0.0125
0 0.320703125 0.64453125 0.0125 0.01328125
0 0.444921875 0.750390625 0.01015625 0.0171875
0 0.69765625 0.279296875 0.009375 0.015625
0 0.69765625 0.24921875 0.009375 0.0046875
0 0.644140625 0.15703125 0.0109375 0.0140625
19 0.61015625 0.15 0.009375 0.02265625
3 0.5912907225309962 0.21061887477313976 0.5838700299273194 0.21973260738052028 0.5956844805472425 0.23685480943738657 0.6028948268490809 0.22809679370840893 0.5912907225309962 0.21061887477313976
10 0.6858345446772125 0.3198578342407744 0.696213766566909 0.3418445251058681 0.7059097905087646 0.33441500302480337 0.6937473279179136 0.31285299455535387 0.6858345446772125 0.3198578342407744
19 0.410546875 0.709765625 0.01640625 0.0109375
10 0.30413510047028647 0.7155759225650333 0.3209512612227448 0.7060344827586207 0.3163839247541685 0.6932631578947368 0.30058358272766145 0.7037017543859649 0.30413510047028647 0.7155759225650333
3 0.24668790081231298 0.7964761040532367 0.2591021804189825 0.7783012704174228 0.25233518597691323 0.7683877797943134 0.23981359555365542 0.7867078039927405 0.24668790081231298 0.7964761040532367
8 0.140625 0.5796875 0.00625 0.01796875
5 0.42421875 0.60625 0.021875 0.015625
6 0.428125 0.605859375 0.01328125 0.01796875
0 0.48984375 0.649609375 0.02734375 0.015625
19 0.625 0.611328125 0.01328125 0.01484375
19 0.695703125 0.6109375 0.021875 0.0171875