9 0.3482227060064456 0.4221571360170421 0.3435159024114588 0.415671266926348 0.3373652328918877 0.4240256485399379 0.3423719542988045 0.43069719918085425 0.3482227060064456 0.4221571360170421
9 0.33754732922965724 0.44445049229987765 0.3349492558765907 0.4359434008114055 0.32746984633524595 0.44019615698631015 0.32995786841058516 0.44962280177095293 0.33754732922965724 0.44445049229987765
9 0.36761027768232346 0.5109241501168987 0.3612158601373202 0.5073900386776053 0.35854748545282733 0.5175771711593672 0.3648941468425724 0.5210766687494006 0.36761027768232346 0.5109241501168987
9 0.3678830910038064 0.5389310392850724 0.36246039569110455 0.5323676793225801 0.35738879275593644 0.5403222774178003 0.3626780818854155 0.5472557468503817 0.3678830910038064 0.5389310392850724
2 0.5138835899846304 0.583120288740645 0.5080501434301279 0.5895260834575825 0.5165335853813935 0.6029904274726687 0.522324966388403 0.5955140476545908 0.5138835899846304 0.583120288740645
11 0.623828125 0.208203125 0.02109375 0.0125
0 0.3859375 0.139453125 0.01953125 0.0109375
0 0.384765625 0.171875 0.0125 0.0109375
0 0.353125 0.203515625 0.0234375 0.01171875
0 0.29296875 0.1703125 0.0125 0.0109375
0 0.346875 0.236328125 0.01171875 0.01171875
0 0.2140625 0.359375 0.00859375 0.0171875
0 0.19140625 0.349609375 0.00859375 0.03359375
0 0.16875 0.339453125 0.00859375 0.0171875
0 0.14453125 0.404296875 0.0078125 0.01796875
0 0.12109375 0.436328125 0.0078125 0.0171875
0 0.187109375 0.591796875 0.00859375 0.0328125
0 0.2109375 0.551171875 0.00859375 0.01484375
0 0.3078125 0.62578125 0.0125 0.01171875
0 0.307421875 0.65859375 0.02421875 0.01171875
0 0.617578125 0.241015625 0.01171875 0.0109375
18 0.5651081465218901 0.6269948833130048 0.5647650129528181 0.6480382733951829 0.5734596641621014 0.6683461658342065 0.5904530922675367 0.6290441952443095 0.5897967497271304 0.6282391163737548 0.5816423115649726 0.6471642416961403 0.5820694439321622 0.6422089919241831 0.5822166131131267 0.636565553358585 0.5828609947199552 0.6273718933576421 0.5651081465218901 0.6269948833130048
3 0.5124803909812705 0.5967216419355377 0.516584817449378 0.6034839149262294 0.5227710856873209 0.5952545857839793 0.5181188557663684 0.5897287721754788 0.5124803909812705 0.5967216419355377
19 0.573828125 0.63515625 0.01875 0.01796875