5 0.364453125 0.0890625 0.05625 0.0203125
7 0.342578125 0.182421875 0.01484375 0.0125
9 0.1688542112013681 0.30130671506352086 0.15825566481402312 0.3121554748941319 0.16370628473706716 0.3221476104053237 0.1743048311244122 0.3110133091349062 0.1688542112013681 0.30130671506352086
9 0.17169431380932024 0.4219274047186933 0.1594117144078666 0.4125117967332123 0.15516545532278753 0.42521476104053235 0.16821804189824713 0.434940108892922 0.17169431380932024 0.4219274047186933
5 0.3546875 0.5734375 0.021875 0.0171875
9 0.22866823428815736 0.6914355716878402 0.2337340743907653 0.7004924379915305 0.25416075245831554 0.6788838475499092 0.24856776400171016 0.6688535995160315 0.22866823428815736 0.6914355716878402
2 0.16049337323642585 0.7596533575317606 0.14223685335613512 0.7853920145190563 0.14841684480547243 0.7934543254688445 0.16669602394185548 0.7686515426497278 0.16049337323642585 0.7596533575317606
14 0.512890625 0.1890625 0.07265625 0.0265625
2 0.6539781958101754 0.13769267997580154 0.635270200940573 0.11123653962492437 0.629601111586148 0.12085722928009676 0.6472462590850793 0.14570961887477313 0.6539781958101754 0.13769267997580154
9 0.6592188969645149 0.3382837265577737 0.6524527575887131 0.3457168784029038 0.6691718683197949 0.3740254083484574 0.6759935870029927 0.3649316394434362 0.6592188969645149 0.3382837265577737
14 0.512890625 0.514453125 0.07265625 0.02578125
14 0.693359375 0.546875 0.0734375 0.0265625
18 0.36533689610944853 0.13655777374470662 0.37234715690466014 0.13635329703569266 0.37927789653698163 0.11861645493042952 0.3905651988029073 0.11880338777979431 0.3844925181701582 0.10386751361161525 0.37148909790508766 0.13523290986085904 0.32992603676784954 0.13521234119782216 0.3299042325780248 0.13654022988505748 0.3334784095767422 0.13655777374470662 0.3335686190679778 0.14946702964307318 0.36569816160752466 0.14978644888082276 0.36533689610944853 0.13655777374470662
18 0.5900483112441215 0.2832292800967937 0.5679632321504917 0.2649213551119177 0.5772030782385635 0.2645856019358742 0.5774643009833264 0.21967090139140955 0.5679204788371099 0.21967090139140955 0.5677640017101326 0.21452571082879612 0.567126977340744 0.21450756200846946 0.5670128259940146 0.2656503327283727 0.5795951261222745 0.2760260133091349 0.5794809747755452 0.29204597701149426 0.5900483112441215 0.2832292800967937
18 0.5645771697306542 0.3471385359951603 0.5770773834972212 0.3576261343012704 0.5771590423257803 0.3736098003629764 0.5875254837266876 0.3649421053263182 0.5659072253099615 0.3462129461584997 0.5749572466866183 0.3459425287356322 0.5752265925609235 0.30143617664851785 0.5657892261650279 0.3013672111312765 0.5657118426678068 0.2955904416212946 0.5645771697306542 0.29530550514216575 0.5645771697306542 0.3471385359951603
18 0.5791893971782813 0.46505323653962494 0.579089354424968 0.4808082274652147 0.5901795639162036 0.4717955232909861 0.5680991876870458 0.45362673926194796 0.5768892689183412 0.45361645493042946 0.5775250106883283 0.4083091349062311 0.5680876442924327 0.4085160314579553 0.5679769132107739 0.40269207501512405 0.5679486960239419 0.4025741076830006 0.5668443779392903 0.4027162734422263 0.5669952971355281 0.43188566243194193 0.5666938862761864 0.45424137931034486 0.5791893971782813 0.46505323653962494
18 0.7106660966224883 0.642058681185723 0.7281752885848654 0.6006588021778584 0.7288991021804191 0.6007568058076226 0.7288619067977768 0.6167289776164548 0.7631936725096196 0.6182099213551119 0.7627071398033348 0.6000695704779189 0.7683163745190253 0.6001996370235935 0.7683364685763147 0.5991693889897156 0.7275724668661822 0.5991167574107683 0.718016673792219 0.6222232304900183 0.7025694741342454 0.6219395039322444 0.7106660966224883 0.642058681185723
18 0.7791474989311672 0.6422800967937085 0.7963039760581446 0.6004246823956443 0.7970555793073965 0.6005033272837266 0.7970572894399317 0.6174355716878404 0.8388353997434802 0.618053236539625 0.8384754168448054 0.6004186327888686 0.8439854638734504 0.6004083484573502 0.8439675074818298 0.5989026013309136 0.7958627618640446 0.5986618269812463 0.786230012825994 0.6219824561403509 0.7707614365113297 0.6223841500302479 0.7791474989311672 0.6422800967937085
18 0.8546733646857632 0.6421258318209316 0.871608379649423 0.6004984875983062 0.8724548952543824 0.6002776769509982 0.8724548952543824 0.6176291591046582 0.9142338606241985 0.618053236539625 0.9139140658401027 0.6003055051421657 0.9193749465583585 0.6002879612825166 0.9190414707139803 0.5985692679975801 0.8716720820863617 0.5984888082274653 0.8615861479264645 0.6220689655172413 0.8460602821718683 0.6222292800967938 0.8546733646857632 0.6421258318209316
17 0.4282663531423686 0.22156926799758017 0.42800342026507054 0.20415426497277678 0.4167473279179137 0.21273139745916514 0.4282663531423686 0.22156926799758017
17 0.40410902094912365 0.3539570477918935 0.40406156477126987 0.3363986690865094 0.39270414707139806 0.34528009679370847 0.40410902094912365 0.3539570477918935
17 0.42718341171440793 0.41328433151845134 0.4271483539974349 0.3959267997580157 0.4159781958101753 0.4046073805202662 0.42718341171440793 0.41328433151845134
17 0.5535562206070972 0.5897864488808228 0.5664125694741343 0.5898517846339988 0.5599700726806328 0.5745172413793104 0.5535562206070972 0.5897864488808228
0 0.2421875 0.09140625 0.0125 0.0125
13 0.24296875 0.12421875 0.03046875 0.0125
0 0.2421875 0.156640625 0.01171875 0.0140625
0 0.163671875 0.12421875 0.00390625 0.01328125
0 0.15390625 0.15625 0.0234375 0.0125
0 0.217578125 0.1890625 0.01171875 0.01328125
0 0.14609375 0.23359375 0.009375 0.0078125
0 0.421875 0.233984375 0.009375 0.00625
0 0.076953125 0.37421875 0.009375 0.0171875
0 0.1 0.470703125 0.009375 0.0171875
0 0.1 0.3546875 0.01015625 0.0203125
0 0.123046875 0.36875 0.009375 0.01640625
0 0.123046875 0.298828125 0.009375 0.03515625
0 0.14609375 0.2765625 0.00859375 0.0171875
0 0.352734375 0.342578125 0.00859375 0.015625
13 0.3765625 0.350390625 0.009375 0.0421875
0 0.398828125 0.322265625 0.009375 0.0171875
13 0.421875 0.3703125 0.009375 0.04296875
0 0.37578125 0.3 0.009375 0.015625
0 0.6015625 0.12421875 0.0109375 0.0140625
0 0.6046875 0.156640625 0.003125 0.01328125
1 0.5874818298418127 0.11797761645493043 0.5876190679777683 0.09107078039927403 0.5783120991876871 0.10384331518451298 0.5460354852501068 0.10384331518451298 0.5460354852501068 0.09113551119177252 0.5274630183839248 0.09094434361766482 0.527467293715263 0.1174585601935874 0.5460816588285593 0.11765335753176043 0.5460816588285593 0.10513974591651545 0.5782663531423686 0.10526981246218999 0.5874818298418127 0.11797761645493043
0 0.6515625 0.26953125 0.009375 0.0234375
0 0.6515625 0.300390625 0.00859375 0.015625
18 0.6302334330910646 0.41765033272837265 0.6301923899102181 0.40815305505142163 0.6178371098760155 0.39782335148215364 0.6178371098760155 0.38197822141560794 0.607145788798632 0.39036479128856627 0.6296904660111159 0.4089449485783424 0.6297135528003421 0.4591548699334543 0.6302672082086362 0.45906836055656386 0.6302047883710988 0.4547102238354507 0.639556220607097 0.4545486993345433 0.6397699871740061 0.41785178463399875 0.6302334330910646 0.41765033272837265
0 0.573046875 0.546875 0.00234375 0.0125
0 0.57265625 0.5796875 0.00390625 0.0125
0 0.23359375 0.546875 0.0109375 0.0125
0 0.242578125 0.612109375 0.0125 0.01328125
0 0.246875 0.644921875 0.0125 0.0140625
0 0.195703125 0.644921875 0.0109375 0.0125
0 0.24296875 0.5796875 0.0109375 0.0125
0 0.19140625 0.5796875 0.0171875 0.01328125
0 0.15390625 0.6125 0.0234375 0.01328125
6 0.346875 0.08828125 0.0046875 0.015625
8 0.347265625 0.182421875 0.0046875 0.0140625
19 0.35859375 0.14453125 0.0140625 0.0109375
19 0.5734375 0.230078125 0.0078125 0.0203125
0 0.5125 0.189453125 0.025 0.0125
15 0.4832432663531424 0.19934785238959468 0.48438392475416847 0.19991228070175437 0.4932218896964515 0.1799425287356322 0.49247541684480556 0.17893708408953418 0.4832432663531424 0.19934785238959468
15 0.48713681060282177 0.17887537810042345 0.47829884566053876 0.19911494252873566 0.4785267208208636 0.20052631578947372 0.4879923044035913 0.1795607985480944 0.48713681060282177 0.17887537810042345
19 0.571484375 0.31171875 0.0078125 0.02109375
19 0.573828125 0.41875 0.0078125 0.0203125
19 0.636328125 0.427734375 0.0078125 0.0203125
10 0.6578584865327064 0.35492075015124014 0.669204360837965 0.3742571082879613 0.6759533988884139 0.36512401693889895 0.6647704147071398 0.34702903811252267 0.6578584865327064 0.35492075015124014
15 0.6727832407011545 0.5372407743496672 0.6637785378366824 0.557843315184513 0.6647669944420693 0.5579473684210526 0.6736874732791793 0.5378663036902601 0.6727832407011545 0.5372407743496672
15 0.6587242411286875 0.5578251663641864 0.6596006840530142 0.5578693284936479 0.66836169303121 0.537912885662432 0.6675480974775546 0.5372050816696914 0.6587242411286875 0.5578251663641864
0 0.693359375 0.547265625 0.025 0.0125
0 0.512890625 0.51484375 0.025 0.01328125
15 0.48344463445917063 0.5248064125831821 0.48432834544677217 0.5254113732607381 0.4932235998289868 0.5054137931034483 0.49260367678495093 0.5042244404113732 0.48344463445917063 0.5248064125831821
15 0.4871509191962377 0.5043653962492438 0.4782270200940574 0.5245245009074411 0.4791680205215904 0.5253309134906231 0.4880632749038051 0.5046473079249849 0.4871509191962377 0.5043653962492438
19 0.757421875 0.611328125 0.01171875 0.01328125
19 0.82890625 0.611328125 0.01875 0.01328125
19 0.905078125 0.611328125 0.01796875 0.01328125
3 0.15437879435656265 0.7858971566848154 0.16706541256947416 0.7688203266787659 0.16041684480547244 0.7588427102238354 0.14812441214194103 0.7770375075620085 0.15437879435656265 0.7858971566848154
10 0.24027832407011546 0.6937192982456141 0.25452501068832833 0.6789449485783424 0.24848696023941858 0.6685837870538416 0.23551346729371528 0.683611615245009 0.24027832407011546 0.6937192982456141
10 0.16352372808892693 0.43108166969147 0.16798375374091493 0.43482637628554144 0.172258230012826 0.42168602540834843 0.16783582727661397 0.418865093768905 0.16352372808892693 0.43108166969147
6 0.36015625 0.573046875 0.0125 0.015625
10 0.1702270200940573 0.315302480338778 0.1740812312954254 0.31099274047186937 0.16897221034630183 0.3011052631578947 0.16519709277469005 0.30523774954627947 0.1702270200940573 0.315302480338778