7 0.277734375 0.46484375 0.01484375 0.0140625
11 0.15703125 0.557421875 0.009375 0.01875
18 0.1942445586457074 0.5720850790936298 0.19282466747279323 0.5709217614365114 0.19099365175332528 0.5710803762291579 0.18953597339782347 0.5720850790936298 0.18890084643288993 0.5729841812740488 0.18848972188633617 0.575575459598119 0.18669619105199517 0.5711333903377513 0.18576178960096734 0.5713976058144506 0.192189238210399 0.5864164172723386 0.20541807738814993 0.5538507909362977 0.2139755139056832 0.5537977768277043 0.21401299879081015 0.5529042325780249 0.20500695284159615 0.5526930312099189 0.19566475211608222 0.5750996152201796 0.19484250302297462 0.5733544249679351 0.1942445586457074 0.5720850790936298
18 0.18997853688029015 0.626065840102608 0.19125090689238214 0.6274296707994871 0.19267744860943167 0.6272663531423686 0.19433524788391776 0.6262295852928602 0.19506801692865777 0.6254112868747328 0.1955692261185006 0.6229012398460881 0.19730411124546557 0.6274843950406157 0.19826783555018138 0.6271026079521163 0.1918292019347038 0.612371098760154 0.17837363966142683 0.6443984608807184 0.16418561064087062 0.6445391192817443 0.16410852478839177 0.6454895254382216 0.17926058041112455 0.645598546387345 0.18847490931076177 0.6225194527575888 0.18901481257557434 0.625192817443352 0.18997853688029015 0.626065840102608
18 0.6440925030229746 0.6136468576314665 0.6619477025392986 0.5699918768704575 0.6628092503022974 0.5701945275758872 0.6627134220072551 0.5875835827276614 0.698471584038694 0.5886660966224884 0.6980888754534461 0.570126977340744 0.7038808948004837 0.5703976058144506 0.7038808948004837 0.5688413852073536 0.6615646916565902 0.5685032064985037 0.6512490931076178 0.5928580589995726 0.6355547158403869 0.593213766566909 0.6440925030229746 0.6136468576314665
18 0.7162995767835549 0.5939213339033775 0.7148119709794438 0.5933950406156477 0.7133246674727932 0.5934826849080804 0.7114032648125755 0.594798204360838 0.709915961305925 0.599096194955109 0.7076227327690446 0.5929563916203506 0.7065072551390569 0.5931321077383498 0.7149359129383313 0.6137430525865756 0.7327233978234584 0.570415562206071 0.7441272672309551 0.5702402736212057 0.7440033252720677 0.5687494655835829 0.7325374848851269 0.5683108165882856 0.7193984280532043 0.5987451902522445 0.7182209794437726 0.5951492090637025 0.7162995767835549 0.5939213339033775
0 0.38125 0.077734375 0.0203125 0.0140625
13 0.383203125 0.11171875 0.040625 0.0140625
0 0.15703125 0.241796875 0.009375 0.01640625
13 0.15703125 0.32578125 0.009375 0.04375
0 0.133203125 0.3265625 0.009375 0.01796875
13 0.452734375 0.144921875 0.03046875 0.0140625
0 0.5359375 0.11171875 0.01171875 0.01484375
12 0.15703125 0.552734375 0.0109375 0.01015625
8 0.282421875 0.46484375 0.0046875 0.0140625
10 0.6921875 0.581640625 0.01171875 0.0140625